1000 6.040e-04 5.360e-04 9.700e-05 1.270e-03
2000 7.530e-04 6.520e-04 1.710e-04 1.616e-03
3000 9.090e-04 7.720e-04 2.590e-04 1.984e-03
4000 1.050e-03 8.840e-04 3.170e-04 2.298e-03
5000 1.197e-03 1.002e-03 3.850e-04 2.692e-03
6000 1.359e-03 1.104e-03 4.590e-04 2.978e-03
7000 1.539e-03 1.214e-03 5.250e-04 3.338e-03
8000 1.645e-03 1.323e-03 5.890e-04 3.621e-03
9000 1.820e-03 1.435e-03 6.620e-04 3.986e-03
10000 1.961e-03 1.547e-03 7.420e-04 4.322e-03
20000 3.429e-03 2.550e-03 1.411e-03 7.503e-03
30000 4.839e-03 3.561e-03 2.108e-03 1.066e-02
40000 6.396e-03 4.554e-03 2.791e-03 1.393e-02
50000 7.568e-03 5.560e-03 3.509e-03 1.687e-02
60000 9.301e-03 6.508e-03 4.188e-03 2.028e-02
70000 1.076e-02 7.525e-03 4.881e-03 2.348e-02
80000 1.212e-02 8.456e-03 5.592e-03 2.652e-02
90000 1.350e-02 9.435e-03 6.264e-03 2.959e-02
100000 1.490e-02 1.038e-02 6.939e-03 3.265e-02
200000 2.926e-02 2.007e-02 1.388e-02 6.405e-02
300000 4.501e-02 2.965e-02 2.076e-02 9.666e-02
