1000 6.130e-04 5.370e-04 9.900e-05 1.289e-03
2000 7.530e-04 6.540e-04 1.710e-04 1.615e-03
3000 9.060e-04 7.710e-04 2.480e-04 1.968e-03
4000 1.060e-03 8.850e-04 3.200e-04 2.315e-03
5000 1.200e-03 9.940e-04 3.880e-04 2.634e-03
6000 1.342e-03 1.106e-03 4.600e-04 2.965e-03
7000 1.493e-03 1.216e-03 5.200e-04 3.288e-03
8000 1.658e-03 1.322e-03 5.870e-04 3.629e-03
9000 1.846e-03 1.433e-03 6.510e-04 4.002e-03
10000 1.948e-03 1.544e-03 7.210e-04 4.285e-03
20000 3.539e-03 2.544e-03 1.410e-03 7.605e-03
30000 4.801e-03 3.557e-03 2.131e-03 1.064e-02
40000 6.558e-03 4.578e-03 2.801e-03 1.413e-02
50000 7.837e-03 5.567e-03 3.487e-03 1.713e-02
60000 9.287e-03 6.523e-03 4.166e-03 2.025e-02
70000 1.077e-02 7.538e-03 4.866e-03 2.349e-02
80000 1.212e-02 8.456e-03 5.573e-03 2.651e-02
90000 1.387e-02 9.441e-03 6.247e-03 2.995e-02
100000 1.517e-02 1.037e-02 6.964e-03 3.294e-02
200000 3.003e-02 2.006e-02 1.382e-02 6.474e-02
300000 4.388e-02 2.973e-02 2.068e-02 9.552e-02
