1000 5.370e-04 4.830e-04 5.400e-05 1.109e-03
2000 5.730e-04 5.080e-04 8.500e-05 1.207e-03
3000 6.120e-04 5.330e-04 1.190e-04 1.309e-03
4000 6.510e-04 5.660e-04 1.550e-04 1.419e-03
5000 7.170e-04 5.940e-04 1.820e-04 1.545e-03
6000 7.740e-04 6.340e-04 2.120e-04 1.676e-03
7000 8.280e-04 6.700e-04 2.440e-04 1.800e-03
8000 8.730e-04 7.100e-04 2.780e-04 1.923e-03
9000 9.460e-04 7.490e-04 3.080e-04 2.063e-03
10000 1.013e-03 7.840e-04 3.420e-04 2.210e-03
20000 1.550e-03 1.111e-03 6.180e-04 3.389e-03
30000 2.126e-03 1.434e-03 9.110e-04 4.622e-03
40000 2.687e-03 1.762e-03 1.202e-03 5.848e-03
50000 3.374e-03 2.081e-03 1.482e-03 7.167e-03
60000 3.833e-03 2.406e-03 1.779e-03 8.289e-03
70000 4.401e-03 2.715e-03 2.048e-03 9.472e-03
80000 5.093e-03 3.015e-03 2.351e-03 1.081e-02
90000 5.628e-03 3.341e-03 2.629e-03 1.199e-02
100000 6.094e-03 3.629e-03 2.913e-03 1.307e-02
200000 1.169e-02 6.708e-03 5.786e-03 2.501e-02
300000 1.698e-02 9.756e-03 8.643e-03 3.660e-02
