1000 5.970e-04 5.360e-04 1.000e-04 1.268e-03
2000 7.590e-04 6.530e-04 1.730e-04 1.625e-03
3000 9.230e-04 7.730e-04 2.470e-04 1.986e-03
4000 1.060e-03 8.850e-04 3.220e-04 2.320e-03
5000 1.202e-03 9.960e-04 3.880e-04 2.637e-03
6000 1.350e-03 1.099e-03 4.590e-04 2.965e-03
7000 1.492e-03 1.215e-03 5.220e-04 3.290e-03
8000 2.265e-03 1.455e-03 6.020e-04 4.588e-03
9000 1.796e-03 1.432e-03 6.630e-04 3.959e-03
10000 1.946e-03 1.548e-03 7.330e-04 4.297e-03
20000 3.439e-03 2.538e-03 1.413e-03 7.503e-03
30000 4.904e-03 3.562e-03 2.117e-03 1.073e-02
40000 6.350e-03 4.547e-03 2.799e-03 1.389e-02
50000 7.630e-03 5.536e-03 3.478e-03 1.688e-02
60000 9.192e-03 6.525e-03 4.206e-03 2.019e-02
70000 1.061e-02 7.493e-03 4.854e-03 2.326e-02
80000 1.201e-02 8.584e-03 5.694e-03 2.672e-02
90000 1.385e-02 9.609e-03 6.272e-03 3.015e-02
100000 1.498e-02 1.041e-02 6.947e-03 3.277e-02
200000 2.909e-02 2.003e-02 1.392e-02 6.387e-02
300000 4.512e-02 2.965e-02 2.075e-02 9.674e-02
