1000 5.350e-04 4.820e-04 5.400e-05 1.109e-03
2000 5.770e-04 5.080e-04 8.600e-05 1.213e-03
3000 6.110e-04 5.350e-04 1.170e-04 1.308e-03
4000 6.540e-04 5.630e-04 1.480e-04 1.412e-03
5000 7.100e-04 5.960e-04 1.830e-04 1.541e-03
6000 7.710e-04 6.350e-04 2.150e-04 1.676e-03
7000 8.270e-04 6.710e-04 2.460e-04 1.805e-03
8000 8.730e-04 7.100e-04 2.760e-04 1.921e-03
9000 9.370e-04 7.440e-04 3.080e-04 2.057e-03
10000 9.970e-04 7.850e-04 3.400e-04 2.192e-03
20000 1.552e-03 1.112e-03 6.130e-04 3.394e-03
30000 2.112e-03 1.437e-03 9.080e-04 4.606e-03
40000 2.651e-03 1.759e-03 1.207e-03 5.808e-03
50000 3.222e-03 2.091e-03 1.472e-03 7.015e-03
60000 3.785e-03 2.396e-03 1.780e-03 8.231e-03
70000 4.503e-03 2.712e-03 2.057e-03 9.584e-03
80000 5.050e-03 3.030e-03 2.349e-03 1.078e-02
90000 5.536e-03 3.332e-03 2.649e-03 1.191e-02
100000 6.104e-03 3.630e-03 2.920e-03 1.308e-02
200000 1.176e-02 6.708e-03 5.778e-03 2.507e-02
300000 1.718e-02 9.760e-03 8.629e-03 3.680e-02
