1000 6.000e-04 5.370e-04 1.010e-04 1.273e-03
2000 7.550e-04 6.530e-04 1.750e-04 1.622e-03
3000 9.100e-04 7.700e-04 2.450e-04 1.967e-03
4000 1.052e-03 8.850e-04 3.200e-04 2.305e-03
5000 1.207e-03 9.960e-04 3.900e-04 2.646e-03
6000 1.361e-03 1.102e-03 4.650e-04 2.985e-03
7000 1.513e-03 1.219e-03 5.250e-04 3.318e-03
8000 1.641e-03 1.323e-03 5.840e-04 3.612e-03
9000 1.775e-03 1.431e-03 6.630e-04 3.936e-03
10000 1.969e-03 1.547e-03 7.200e-04 4.308e-03
20000 3.423e-03 2.537e-03 1.411e-03 7.484e-03
30000 4.856e-03 3.553e-03 2.129e-03 1.069e-02
40000 6.372e-03 4.581e-03 2.808e-03 1.395e-02
50000 7.828e-03 5.550e-03 3.496e-03 1.710e-02
60000 9.387e-03 6.518e-03 4.188e-03 2.037e-02
70000 1.080e-02 7.544e-03 4.878e-03 2.353e-02
80000 1.183e-02 8.462e-03 5.580e-03 2.623e-02
90000 1.420e-02 9.596e-03 6.366e-03 3.056e-02
100000 1.499e-02 1.051e-02 7.106e-03 3.311e-02
200000 2.949e-02 2.003e-02 1.388e-02 6.423e-02
300000 4.414e-02 3.055e-02 2.079e-02 9.671e-02
