1000 5.380e-04 4.810e-04 5.400e-05 1.109e-03
2000 5.770e-04 5.090e-04 8.600e-05 1.212e-03
3000 6.120e-04 5.330e-04 1.200e-04 1.309e-03
4000 6.560e-04 5.660e-04 1.500e-04 1.419e-03
5000 7.090e-04 5.970e-04 1.810e-04 1.537e-03
6000 7.750e-04 6.310e-04 2.160e-04 1.740e-03
7000 8.310e-04 6.720e-04 2.620e-04 1.826e-03
8000 8.760e-04 7.110e-04 2.770e-04 1.928e-03
9000 9.470e-04 7.450e-04 3.080e-04 2.075e-03
10000 9.900e-04 7.860e-04 3.430e-04 2.192e-03
20000 1.603e-03 1.110e-03 6.190e-04 3.445e-03
30000 2.127e-03 1.439e-03 9.200e-04 4.638e-03
40000 2.672e-03 1.760e-03 1.202e-03 5.825e-03
50000 3.295e-03 2.082e-03 1.489e-03 7.095e-03
60000 3.873e-03 2.402e-03 1.770e-03 8.309e-03
70000 4.408e-03 2.709e-03 2.040e-03 9.467e-03
80000 4.912e-03 3.023e-03 2.363e-03 1.066e-02
90000 5.377e-03 3.329e-03 2.609e-03 1.171e-02
100000 6.289e-03 3.621e-03 2.913e-03 1.325e-02
200000 1.167e-02 6.701e-03 5.776e-03 2.498e-02
300000 1.726e-02 9.749e-03 8.625e-03 3.686e-02
