1000 5.370e-04 4.830e-04 5.500e-05 1.111e-03
2000 5.760e-04 5.080e-04 9.100e-05 1.215e-03
3000 6.130e-04 5.370e-04 1.200e-04 1.315e-03
4000 6.530e-04 5.660e-04 1.480e-04 1.421e-03
5000 7.120e-04 5.960e-04 1.870e-04 1.547e-03
6000 7.700e-04 6.320e-04 2.130e-04 1.671e-03
7000 8.240e-04 6.730e-04 2.480e-04 1.805e-03
8000 8.770e-04 7.120e-04 2.750e-04 1.928e-03
9000 9.380e-04 7.420e-04 3.010e-04 2.051e-03
10000 1.003e-03 7.850e-04 3.390e-04 2.199e-03
20000 1.571e-03 1.112e-03 6.210e-04 3.414e-03
30000 2.120e-03 1.435e-03 9.200e-04 4.626e-03
40000 2.644e-03 1.762e-03 1.195e-03 5.792e-03
50000 3.330e-03 2.093e-03 1.495e-03 7.150e-03
60000 3.906e-03 2.400e-03 1.770e-03 8.348e-03
70000 4.471e-03 2.711e-03 2.050e-03 9.544e-03
80000 5.043e-03 3.018e-03 2.344e-03 1.075e-02
90000 5.421e-03 3.557e-03 2.634e-03 1.203e-02
100000 6.142e-03 3.624e-03 2.919e-03 1.311e-02
200000 1.140e-02 6.706e-03 5.767e-03 2.470e-02
300000 1.750e-02 9.757e-03 8.617e-03 3.709e-02
