1000 6.030e-04 5.390e-04 9.900e-05 1.276e-03
2000 7.540e-04 6.560e-04 1.700e-04 1.620e-03
3000 9.170e-04 7.720e-04 2.500e-04 1.982e-03
4000 1.061e-03 8.850e-04 3.200e-04 2.314e-03
5000 1.204e-03 1.001e-03 3.890e-04 2.647e-03
6000 1.346e-03 1.105e-03 4.600e-04 2.966e-03
7000 1.516e-03 1.220e-03 5.260e-04 3.322e-03
8000 1.644e-03 1.333e-03 5.890e-04 3.634e-03
9000 1.830e-03 1.434e-03 6.550e-04 3.988e-03
10000 1.932e-03 1.539e-03 7.310e-04 4.275e-03
20000 3.425e-03 2.540e-03 1.420e-03 7.497e-03
30000 4.802e-03 3.552e-03 2.115e-03 1.062e-02
40000 6.374e-03 4.567e-03 2.796e-03 1.393e-02
50000 7.904e-03 5.526e-03 3.491e-03 1.716e-02
60000 9.291e-03 6.552e-03 4.369e-03 2.049e-02
70000 1.076e-02 7.892e-03 4.874e-03 2.384e-02
80000 1.204e-02 8.912e-03 5.570e-03 2.693e-02
90000 1.383e-02 9.442e-03 6.246e-03 2.991e-02
100000 1.497e-02 1.037e-02 6.955e-03 3.273e-02
200000 2.952e-02 2.006e-02 1.384e-02 6.424e-02
300000 4.478e-02 2.963e-02 2.072e-02 9.637e-02
