1000 5.370e-04 4.850e-04 5.400e-05 1.114e-03
2000 5.730e-04 5.100e-04 8.400e-05 1.207e-03
3000 6.120e-04 5.360e-04 1.160e-04 1.308e-03
4000 6.560e-04 5.640e-04 1.490e-04 1.417e-03
5000 7.090e-04 5.950e-04 1.800e-04 1.536e-03
6000 7.760e-04 6.320e-04 2.120e-04 1.677e-03
7000 8.340e-04 6.660e-04 2.430e-04 1.802e-03
8000 8.910e-04 7.130e-04 2.740e-04 1.944e-03
9000 9.350e-04 7.440e-04 3.080e-04 2.057e-03
10000 1.007e-03 7.830e-04 3.400e-04 2.202e-03
20000 1.543e-03 1.112e-03 6.370e-04 3.404e-03
30000 2.128e-03 1.444e-03 9.180e-04 4.640e-03
40000 2.736e-03 1.756e-03 1.285e-03 5.968e-03
50000 3.274e-03 2.080e-03 1.483e-03 7.068e-03
60000 3.876e-03 2.397e-03 1.775e-03 8.318e-03
70000 4.488e-03 2.757e-03 2.081e-03 9.637e-03
80000 4.996e-03 3.015e-03 2.333e-03 1.069e-02
90000 5.474e-03 3.341e-03 2.624e-03 1.183e-02
100000 6.181e-03 3.637e-03 2.922e-03 1.318e-02
200000 1.293e-02 7.190e-03 5.787e-03 2.674e-02
300000 1.701e-02 9.764e-03 8.628e-03 3.663e-02
