1000 1.790e-04 2.460e-04 7.800e-05 5.380e-04
2000 2.970e-04 4.000e-04 1.380e-04 8.750e-04
3000 4.240e-04 5.370e-04 2.030e-04 1.207e-03
4000 5.350e-04 6.660e-04 2.630e-04 1.512e-03
5000 6.710e-04 7.920e-04 3.290e-04 1.844e-03
6000 7.920e-04 9.300e-04 3.910e-04 2.169e-03
7000 8.980e-04 1.062e-03 4.500e-04 2.470e-03
8000 1.024e-03 1.214e-03 5.110e-04 2.813e-03
9000 1.131e-03 1.317e-03 5.660e-04 3.085e-03
10000 1.255e-03 1.463e-03 6.140e-04 3.404e-03
20000 2.431e-03 2.822e-03 1.161e-03 6.526e-03
30000 3.703e-03 4.032e-03 1.734e-03 9.619e-03
40000 4.920e-03 5.508e-03 2.266e-03 1.288e-02
50000 6.010e-03 6.916e-03 2.838e-03 1.600e-02
60000 7.911e-03 7.972e-03 3.562e-03 1.971e-02
70000 8.341e-03 9.502e-03 3.908e-03 2.206e-02
80000 9.551e-03 1.064e-02 4.486e-03 2.503e-02
90000 1.100e-02 1.200e-02 5.020e-03 2.841e-02
100000 1.219e-02 1.352e-02 5.597e-03 3.173e-02
200000 2.524e-02 2.667e-02 1.112e-02 6.386e-02
300000 4.088e-02 4.010e-02 1.664e-02 9.886e-02
