1000 1.160e-04 1.540e-04 4.900e-05 3.540e-04
2000 1.510e-04 1.930e-04 8.000e-05 4.640e-04
3000 1.880e-04 2.510e-04 1.080e-04 5.940e-04
4000 2.310e-04 2.880e-04 1.360e-04 7.020e-04
5000 2.820e-04 3.370e-04 1.680e-04 8.370e-04
6000 3.310e-04 3.800e-04 1.990e-04 9.670e-04
7000 3.760e-04 4.140e-04 2.280e-04 1.077e-03
8000 4.220e-04 4.540e-04 2.600e-04 1.201e-03
9000 4.620e-04 5.010e-04 2.890e-04 1.319e-03
10000 5.070e-04 5.500e-04 3.230e-04 1.452e-03
20000 9.180e-04 9.710e-04 6.120e-04 2.613e-03
30000 1.395e-03 1.361e-03 8.830e-04 3.788e-03
40000 1.834e-03 1.848e-03 1.162e-03 5.036e-03
50000 2.288e-03 2.205e-03 1.436e-03 6.161e-03
60000 2.777e-03 2.638e-03 1.682e-03 7.368e-03
70000 3.154e-03 3.131e-03 1.943e-03 8.534e-03
80000 3.547e-03 3.455e-03 2.249e-03 9.601e-03
90000 3.992e-03 3.992e-03 2.514e-03 1.089e-02
100000 4.547e-03 4.295e-03 2.797e-03 1.207e-02
200000 8.790e-03 8.410e-03 5.506e-03 2.353e-02
300000 1.422e-02 1.336e-02 8.253e-03 3.706e-02
