1000 1.140e-04 1.530e-04 4.900e-05 3.510e-04
2000 1.550e-04 1.990e-04 7.900e-05 4.710e-04
3000 1.920e-04 2.480e-04 1.080e-04 5.910e-04
4000 2.330e-04 2.940e-04 1.360e-04 7.100e-04
5000 2.800e-04 3.310e-04 1.680e-04 8.300e-04
6000 3.320e-04 3.660e-04 2.000e-04 9.540e-04
7000 3.740e-04 4.170e-04 2.280e-04 1.078e-03
8000 4.200e-04 4.590e-04 2.610e-04 1.203e-03
9000 4.660e-04 5.070e-04 2.890e-04 1.329e-03
10000 5.030e-04 5.490e-04 3.200e-04 1.443e-03
20000 9.230e-04 9.650e-04 6.130e-04 2.615e-03
30000 1.401e-03 1.389e-03 8.970e-04 3.838e-03
40000 1.866e-03 1.818e-03 1.150e-03 5.027e-03
50000 2.304e-03 2.238e-03 1.434e-03 6.203e-03
60000 2.770e-03 2.616e-03 1.695e-03 7.351e-03
70000 3.134e-03 3.035e-03 1.952e-03 8.431e-03
80000 3.645e-03 3.477e-03 2.265e-03 9.737e-03
90000 4.059e-03 3.938e-03 2.502e-03 1.089e-02
100000 4.501e-03 4.346e-03 2.807e-03 1.208e-02
200000 8.892e-03 8.547e-03 5.522e-03 2.379e-02
300000 1.344e-02 1.271e-02 8.230e-03 3.560e-02
