1000 1.150e-04 1.550e-04 5.000e-05 3.570e-04
2000 1.510e-04 2.000e-04 8.000e-05 4.690e-04
3000 1.900e-04 2.500e-04 1.080e-04 5.920e-04
4000 2.310e-04 2.910e-04 1.390e-04 7.060e-04
5000 2.810e-04 3.350e-04 1.690e-04 8.360e-04
6000 3.320e-04 3.690e-04 1.990e-04 9.550e-04
7000 3.670e-04 4.130e-04 2.310e-04 1.071e-03
8000 4.200e-04 4.570e-04 2.600e-04 1.199e-03
9000 4.630e-04 4.980e-04 2.900e-04 1.318e-03
10000 5.020e-04 5.470e-04 3.190e-04 1.441e-03
20000 9.340e-04 9.780e-04 6.050e-04 2.626e-03
30000 1.364e-03 1.380e-03 8.970e-04 3.791e-03
40000 1.837e-03 1.816e-03 1.157e-03 4.999e-03
50000 2.311e-03 2.232e-03 1.439e-03 6.211e-03
60000 2.745e-03 2.655e-03 1.678e-03 7.347e-03
70000 3.146e-03 3.080e-03 1.947e-03 8.483e-03
80000 3.565e-03 3.443e-03 2.244e-03 9.610e-03
90000 3.963e-03 3.882e-03 2.506e-03 1.074e-02
100000 4.500e-03 4.404e-03 2.818e-03 1.215e-02
200000 8.920e-03 8.439e-03 5.511e-03 2.370e-02
300000 1.369e-02 1.351e-02 8.326e-03 3.800e-02
