1000 1.800e-04 2.470e-04 8.200e-05 5.440e-04
2000 3.010e-04 3.880e-04 1.410e-04 8.690e-04
3000 4.260e-04 5.300e-04 2.040e-04 1.203e-03
4000 5.480e-04 6.520e-04 2.630e-04 1.513e-03
5000 6.780e-04 8.040e-04 3.270e-04 1.860e-03
6000 7.770e-04 9.270e-04 3.890e-04 2.149e-03
7000 9.160e-04 1.078e-03 4.490e-04 2.503e-03
8000 1.025e-03 1.200e-03 4.990e-04 2.788e-03
9000 1.154e-03 1.346e-03 5.630e-04 3.132e-03
10000 1.225e-03 1.480e-03 6.140e-04 3.390e-03
20000 2.444e-03 2.771e-03 1.161e-03 6.487e-03
30000 3.740e-03 4.100e-03 1.725e-03 9.717e-03
40000 4.760e-03 5.537e-03 2.273e-03 1.277e-02
50000 6.095e-03 6.659e-03 2.842e-03 1.583e-02
60000 7.637e-03 8.038e-03 3.535e-03 1.949e-02
70000 8.409e-03 9.391e-03 3.910e-03 2.202e-02
80000 9.400e-03 1.098e-02 4.486e-03 2.522e-02
90000 1.089e-02 1.216e-02 5.024e-03 2.847e-02
100000 1.216e-02 1.357e-02 5.592e-03 3.175e-02
200000 2.585e-02 2.707e-02 1.110e-02 6.484e-02
300000 4.047e-02 3.959e-02 1.664e-02 9.792e-02
