1000 1.150e-04 1.540e-04 5.000e-05 3.540e-04
2000 1.510e-04 1.950e-04 8.000e-05 4.670e-04
3000 1.890e-04 2.470e-04 1.210e-04 6.010e-04
4000 2.310e-04 2.850e-04 2.100e-04 8.620e-04
5000 2.780e-04 3.300e-04 1.690e-04 8.270e-04
6000 3.290e-04 3.670e-04 1.990e-04 9.500e-04
7000 3.760e-04 4.170e-04 2.280e-04 1.081e-03
8000 4.220e-04 4.540e-04 2.600e-04 1.199e-03
9000 4.590e-04 4.930e-04 2.890e-04 1.308e-03
10000 5.000e-04 5.470e-04 3.100e-04 1.430e-03
20000 9.200e-04 9.610e-04 6.030e-04 2.593e-03
30000 1.375e-03 1.373e-03 8.960e-04 3.795e-03
40000 1.858e-03 1.813e-03 1.147e-03 5.015e-03
50000 2.255e-03 2.255e-03 1.551e-03 6.294e-03
60000 2.766e-03 2.691e-03 1.696e-03 7.429e-03
70000 3.106e-03 3.036e-03 1.947e-03 8.400e-03
80000 3.610e-03 3.487e-03 2.249e-03 9.695e-03
90000 4.030e-03 3.894e-03 2.504e-03 1.082e-02
100000 4.462e-03 4.303e-03 2.794e-03 1.199e-02
200000 9.289e-03 9.511e-03 5.627e-03 2.526e-02
300000 1.379e-02 1.266e-02 8.409e-03 3.610e-02
