1000 1.810e-04 2.500e-04 8.000e-05 5.490e-04
2000 3.050e-04 3.940e-04 1.420e-04 8.800e-04
3000 4.280e-04 5.310e-04 2.030e-04 1.205e-03
4000 5.370e-04 6.750e-04 2.660e-04 1.525e-03
5000 6.730e-04 7.960e-04 3.260e-04 1.848e-03
6000 7.910e-04 9.180e-04 3.900e-04 2.154e-03
7000 8.930e-04 1.050e-03 4.460e-04 2.450e-03
8000 1.032e-03 1.191e-03 5.130e-04 2.801e-03
9000 1.129e-03 1.340e-03 5.670e-04 3.111e-03
10000 1.237e-03 1.497e-03 6.300e-04 3.445e-03
20000 2.442e-03 2.748e-03 1.164e-03 6.464e-03
30000 3.669e-03 4.230e-03 1.723e-03 9.774e-03
40000 4.812e-03 5.416e-03 2.265e-03 1.268e-02
50000 6.103e-03 6.848e-03 2.845e-03 1.603e-02
60000 7.296e-03 8.044e-03 3.384e-03 1.900e-02
70000 9.181e-03 1.068e-02 4.290e-03 2.458e-02
80000 9.630e-03 1.071e-02 4.489e-03 2.518e-02
90000 1.108e-02 1.227e-02 5.035e-03 2.877e-02
100000 1.268e-02 1.376e-02 5.599e-03 3.246e-02
200000 2.651e-02 2.746e-02 1.111e-02 6.591e-02
300000 4.065e-02 4.093e-02 1.664e-02 9.944e-02
