1000 1.160e-04 1.560e-04 5.000e-05 3.560e-04
2000 1.520e-04 1.970e-04 8.000e-05 4.690e-04
3000 1.880e-04 2.430e-04 1.090e-04 5.870e-04
4000 2.300e-04 2.920e-04 1.400e-04 7.110e-04
5000 2.790e-04 3.270e-04 1.690e-04 8.290e-04
6000 3.310e-04 3.690e-04 1.990e-04 9.530e-04
7000 3.750e-04 4.190e-04 2.280e-04 1.080e-03
8000 4.180e-04 4.550e-04 2.610e-04 1.197e-03
9000 4.600e-04 5.020e-04 2.920e-04 1.321e-03
10000 5.040e-04 5.600e-04 3.210e-04 1.457e-03
20000 9.160e-04 9.720e-04 6.040e-04 2.604e-03
30000 1.400e-03 1.372e-03 8.960e-04 3.819e-03
40000 1.828e-03 1.808e-03 1.145e-03 4.972e-03
50000 2.337e-03 2.227e-03 1.439e-03 6.231e-03
60000 2.764e-03 2.631e-03 1.678e-03 7.345e-03
70000 3.108e-03 3.089e-03 1.958e-03 8.468e-03
80000 3.651e-03 3.440e-03 2.253e-03 9.696e-03
90000 3.934e-03 3.877e-03 2.590e-03 1.079e-02
100000 4.494e-03 4.314e-03 2.784e-03 1.202e-02
200000 8.740e-03 8.764e-03 5.510e-03 2.385e-02
300000 1.421e-02 1.310e-02 8.228e-03 3.677e-02
