1000 1.810e-04 2.450e-04 7.900e-05 5.470e-04
2000 2.950e-04 3.830e-04 1.390e-04 8.560e-04
3000 4.210e-04 5.260e-04 1.970e-04 1.188e-03
4000 5.470e-04 6.670e-04 2.580e-04 1.519e-03
5000 6.690e-04 7.910e-04 3.180e-04 1.844e-03
6000 7.790e-04 8.890e-04 3.780e-04 2.102e-03
7000 8.970e-04 1.050e-03 4.410e-04 2.448e-03
8000 1.014e-03 1.168e-03 4.880e-04 2.735e-03
9000 1.160e-03 1.315e-03 5.510e-04 3.094e-03
10000 1.233e-03 1.436e-03 5.930e-04 3.333e-03
20000 2.444e-03 2.694e-03 1.152e-03 6.401e-03
30000 3.682e-03 4.206e-03 1.723e-03 9.761e-03
40000 4.990e-03 5.510e-03 2.267e-03 1.296e-02
50000 6.049e-03 6.902e-03 2.846e-03 1.604e-02
60000 7.468e-03 8.149e-03 3.397e-03 1.929e-02
70000 8.530e-03 9.512e-03 3.927e-03 2.228e-02
80000 9.483e-03 1.093e-02 4.481e-03 2.525e-02
90000 1.138e-02 1.204e-02 5.032e-03 2.884e-02
100000 1.221e-02 1.332e-02 5.597e-03 3.157e-02
200000 2.597e-02 2.726e-02 1.112e-02 6.517e-02
300000 4.074e-02 4.038e-02 1.662e-02 9.897e-02
