1000 2.340e-04 2.470e-04 7.900e-05 5.960e-04
2000 2.980e-04 3.890e-04 1.390e-04 8.680e-04
3000 4.260e-04 5.390e-04 2.020e-04 1.211e-03
4000 5.470e-04 6.700e-04 2.640e-04 1.529e-03
5000 6.680e-04 8.000e-04 3.260e-04 1.846e-03
6000 7.880e-04 9.210e-04 3.880e-04 2.160e-03
7000 9.000e-04 1.049e-03 4.580e-04 2.469e-03
8000 1.037e-03 1.185e-03 5.000e-04 2.784e-03
9000 1.144e-03 1.343e-03 5.610e-04 3.115e-03
10000 1.257e-03 1.470e-03 6.120e-04 3.410e-03
20000 2.475e-03 2.778e-03 1.169e-03 6.534e-03
30000 3.737e-03 4.209e-03 1.723e-03 9.818e-03
40000 5.037e-03 5.373e-03 2.266e-03 1.287e-02
50000 5.926e-03 6.832e-03 2.836e-03 1.582e-02
60000 7.322e-03 8.005e-03 3.393e-03 1.900e-02
70000 8.628e-03 9.466e-03 3.909e-03 2.231e-02
80000 9.552e-03 1.062e-02 4.485e-03 2.501e-02
90000 1.140e-02 1.416e-02 5.200e-03 3.122e-02
100000 1.186e-02 1.556e-02 5.602e-03 3.347e-02
200000 2.519e-02 2.657e-02 1.109e-02 6.368e-02
300000 4.397e-02 4.150e-02 1.679e-02 1.035e-01
