1000 2.060e-04 1.850e-04 5.200e-05 4.760e-04
2000 2.450e-04 2.160e-04 8.300e-05 5.820e-04
3000 2.950e-04 2.430e-04 1.120e-04 6.920e-04
4000 3.440e-04 2.700e-04 1.440e-04 8.070e-04
5000 4.020e-04 2.980e-04 1.770e-04 9.280e-04
6000 4.580e-04 3.260e-04 2.060e-04 1.045e-03
7000 5.020e-04 3.500e-04 2.380e-04 1.148e-03
8000 5.630e-04 3.780e-04 2.660e-04 1.274e-03
9000 6.110e-04 4.050e-04 2.990e-04 1.383e-03
10000 6.710e-04 4.280e-04 3.310e-04 1.499e-03
20000 1.208e-03 6.840e-04 6.160e-04 2.617e-03
30000 1.799e-03 9.340e-04 8.910e-04 3.774e-03
40000 2.350e-03 1.176e-03 1.172e-03 4.888e-03
50000 2.785e-03 1.418e-03 1.451e-03 5.883e-03
60000 3.391e-03 1.662e-03 1.738e-03 7.062e-03
70000 3.854e-03 1.899e-03 2.012e-03 8.072e-03
80000 4.309e-03 2.128e-03 2.278e-03 9.062e-03
90000 4.834e-03 2.387e-03 2.561e-03 1.017e-02
100000 5.351e-03 2.611e-03 2.848e-03 1.124e-02
200000 1.090e-02 5.014e-03 5.628e-03 2.237e-02
300000 1.605e-02 7.404e-03 8.423e-03 3.311e-02
