1000 2.820e-04 2.520e-04 9.100e-05 6.610e-04
2000 4.220e-04 3.280e-04 1.570e-04 9.460e-04
3000 5.690e-04 4.130e-04 2.260e-04 1.251e-03
4000 7.040e-04 4.960e-04 2.950e-04 1.543e-03
5000 8.590e-04 5.860e-04 3.600e-04 1.856e-03
6000 9.760e-04 6.620e-04 4.190e-04 2.112e-03
7000 1.128e-03 7.460e-04 6.630e-04 2.605e-03
8000 1.247e-03 8.240e-04 5.470e-04 2.685e-03
9000 1.416e-03 9.080e-04 5.980e-04 2.991e-03
10000 1.592e-03 9.940e-04 6.600e-04 3.317e-03
20000 2.937e-03 1.757e-03 1.276e-03 6.082e-03
30000 4.262e-03 2.541e-03 1.892e-03 8.848e-03
40000 5.547e-03 3.307e-03 2.499e-03 1.154e-02
50000 7.079e-03 4.110e-03 3.139e-03 1.456e-02
60000 8.609e-03 4.826e-03 3.734e-03 1.745e-02
70000 1.005e-02 5.793e-03 4.431e-03 2.059e-02
80000 1.117e-02 6.442e-03 4.963e-03 2.294e-02
90000 1.266e-02 7.189e-03 5.571e-03 2.581e-02
100000 1.446e-02 7.996e-03 6.190e-03 2.908e-02
200000 2.712e-02 1.571e-02 1.233e-02 5.600e-02
300000 4.390e-02 2.464e-02 1.841e-02 8.820e-02
