1000 2.840e-04 2.520e-04 9.000e-05 6.660e-04
2000 4.230e-04 3.310e-04 1.570e-04 9.510e-04
3000 5.640e-04 4.150e-04 2.240e-04 1.247e-03
4000 7.150e-04 4.990e-04 2.970e-04 1.559e-03
5000 8.470e-04 5.820e-04 3.620e-04 1.845e-03
6000 9.800e-04 6.630e-04 4.230e-04 2.121e-03
7000 1.134e-03 7.440e-04 4.830e-04 2.422e-03
8000 1.266e-03 8.220e-04 5.440e-04 2.694e-03
9000 1.409e-03 9.070e-04 5.980e-04 2.981e-03
10000 1.580e-03 9.950e-04 6.580e-04 3.304e-03
20000 2.947e-03 1.762e-03 1.263e-03 6.095e-03
30000 4.281e-03 2.531e-03 1.886e-03 8.849e-03
40000 5.672e-03 3.317e-03 2.509e-03 1.169e-02
50000 6.991e-03 4.093e-03 3.128e-03 1.445e-02
60000 8.696e-03 4.849e-03 3.732e-03 1.755e-02
70000 9.995e-03 5.616e-03 4.339e-03 2.026e-02
80000 1.143e-02 6.400e-03 4.962e-03 2.314e-02
90000 1.269e-02 7.246e-03 5.565e-03 2.589e-02
100000 1.410e-02 7.992e-03 6.266e-03 2.884e-02
200000 2.857e-02 1.567e-02 1.234e-02 5.741e-02
300000 4.312e-02 2.346e-02 1.841e-02 8.622e-02
