1000 2.840e-04 2.500e-04 9.000e-05 6.610e-04
2000 4.280e-04 3.300e-04 1.630e-04 9.600e-04
3000 5.650e-04 4.180e-04 2.240e-04 1.251e-03
4000 7.170e-04 4.990e-04 2.950e-04 1.559e-03
5000 8.420e-04 5.830e-04 3.610e-04 1.838e-03
6000 9.810e-04 6.590e-04 4.200e-04 2.116e-03
7000 1.155e-03 7.430e-04 4.800e-04 2.439e-03
8000 1.273e-03 8.290e-04 5.420e-04 2.713e-03
9000 1.400e-03 9.030e-04 6.030e-04 2.976e-03
10000 1.539e-03 9.900e-04 6.550e-04 3.253e-03
20000 2.977e-03 1.777e-03 1.256e-03 6.122e-03
30000 4.347e-03 2.534e-03 1.892e-03 8.927e-03
40000 5.675e-03 3.300e-03 2.506e-03 1.167e-02
50000 6.952e-03 4.308e-03 3.131e-03 1.475e-02
60000 8.401e-03 6.001e-03 3.735e-03 1.841e-02
70000 9.779e-03 5.633e-03 4.339e-03 2.006e-02
80000 1.135e-02 6.431e-03 4.946e-03 2.308e-02
90000 1.275e-02 7.715e-03 5.568e-03 2.644e-02
100000 1.405e-02 7.966e-03 6.174e-03 2.862e-02
200000 2.833e-02 1.564e-02 1.234e-02 5.714e-02
300000 4.166e-02 2.555e-02 1.849e-02 8.693e-02
