1000 2.050e-04 1.840e-04 5.100e-05 4.760e-04
2000 2.420e-04 2.150e-04 8.500e-05 5.830e-04
3000 2.940e-04 2.420e-04 1.140e-04 6.930e-04
4000 3.440e-04 2.670e-04 1.430e-04 8.020e-04
5000 4.010e-04 2.980e-04 1.740e-04 9.240e-04
6000 4.480e-04 3.260e-04 2.100e-04 1.040e-03
7000 5.030e-04 3.510e-04 2.390e-04 1.152e-03
8000 5.550e-04 3.770e-04 2.710e-04 1.265e-03
9000 6.150e-04 4.030e-04 3.000e-04 1.386e-03
10000 6.780e-04 4.310e-04 3.310e-04 1.512e-03
20000 1.187e-03 6.870e-04 6.210e-04 2.605e-03
30000 1.745e-03 9.330e-04 8.880e-04 3.718e-03
40000 2.276e-03 1.180e-03 1.176e-03 4.823e-03
50000 2.821e-03 1.416e-03 1.449e-03 5.917e-03
60000 3.456e-03 1.664e-03 1.821e-03 7.216e-03
70000 3.772e-03 1.903e-03 2.008e-03 7.996e-03
80000 4.454e-03 2.141e-03 2.303e-03 9.248e-03
90000 5.002e-03 2.396e-03 2.564e-03 1.035e-02
100000 5.367e-03 2.623e-03 2.844e-03 1.127e-02
200000 1.054e-02 5.444e-03 5.620e-03 2.245e-02
300000 1.607e-02 7.459e-03 8.419e-03 3.318e-02
