1000 2.030e-04 1.860e-04 5.100e-05 4.760e-04
2000 2.420e-04 2.120e-04 8.200e-05 5.740e-04
3000 2.950e-04 2.430e-04 1.130e-04 6.940e-04
4000 3.450e-04 2.710e-04 1.450e-04 8.100e-04
5000 4.020e-04 2.960e-04 1.750e-04 9.240e-04
6000 4.540e-04 3.210e-04 2.070e-04 1.038e-03
7000 5.050e-04 3.500e-04 2.390e-04 1.152e-03
8000 5.590e-04 3.790e-04 2.670e-04 1.271e-03
9000 6.130e-04 4.070e-04 3.000e-04 1.389e-03
10000 6.700e-04 4.270e-04 3.310e-04 1.499e-03
20000 1.215e-03 6.900e-04 6.110e-04 2.630e-03
30000 1.921e-03 9.770e-04 8.840e-04 4.057e-03
40000 2.299e-03 1.166e-03 1.176e-03 4.831e-03
50000 2.760e-03 1.416e-03 1.458e-03 5.865e-03
60000 3.316e-03 1.663e-03 1.723e-03 6.972e-03
70000 3.837e-03 1.905e-03 2.010e-03 8.064e-03
80000 4.502e-03 2.133e-03 2.305e-03 9.291e-03
90000 4.925e-03 2.381e-03 2.579e-03 1.028e-02
100000 5.570e-03 2.619e-03 2.840e-03 1.146e-02
200000 1.060e-02 5.063e-03 5.626e-03 2.212e-02
300000 1.580e-02 7.459e-03 8.403e-03 3.289e-02
