1000 2.060e-04 1.880e-04 5.100e-05 4.790e-04
2000 2.490e-04 2.160e-04 8.300e-05 5.860e-04
3000 2.960e-04 2.430e-04 1.140e-04 6.970e-04
4000 3.420e-04 2.730e-04 1.440e-04 8.040e-04
5000 4.060e-04 2.960e-04 1.740e-04 9.270e-04
6000 4.510e-04 3.250e-04 2.060e-04 1.038e-03
7000 5.080e-04 3.480e-04 2.390e-04 1.154e-03
8000 5.530e-04 3.760e-04 2.690e-04 1.259e-03
9000 6.170e-04 4.040e-04 3.030e-04 1.392e-03
10000 6.910e-04 4.300e-04 3.380e-04 1.533e-03
20000 1.211e-03 6.780e-04 6.220e-04 2.621e-03
30000 1.770e-03 9.270e-04 9.090e-04 3.755e-03
40000 2.314e-03 1.180e-03 1.173e-03 4.857e-03
50000 2.773e-03 1.412e-03 1.536e-03 5.954e-03
60000 3.295e-03 1.645e-03 1.729e-03 6.942e-03
70000 3.858e-03 1.906e-03 2.019e-03 8.093e-03
80000 4.445e-03 2.141e-03 2.302e-03 9.235e-03
90000 4.988e-03 2.385e-03 2.574e-03 1.033e-02
100000 5.377e-03 2.627e-03 2.853e-03 1.128e-02
200000 1.073e-02 5.037e-03 5.639e-03 2.224e-02
300000 1.576e-02 7.412e-03 8.410e-03 3.281e-02
