1000 2.820e-04 2.490e-04 9.300e-05 6.620e-04
2000 4.260e-04 3.320e-04 1.610e-04 9.580e-04
3000 5.750e-04 4.160e-04 2.270e-04 1.261e-03
4000 7.140e-04 4.990e-04 2.950e-04 1.556e-03
5000 8.390e-04 5.820e-04 3.640e-04 1.838e-03
6000 9.880e-04 6.610e-04 4.240e-04 2.129e-03
7000 1.123e-03 7.510e-04 4.940e-04 2.431e-03
8000 1.272e-03 8.300e-04 5.460e-04 2.712e-03
9000 1.421e-03 9.060e-04 5.980e-04 2.994e-03
10000 1.551e-03 9.840e-04 6.610e-04 3.265e-03
20000 2.851e-03 1.748e-03 1.263e-03 5.974e-03
30000 4.320e-03 2.526e-03 1.892e-03 8.891e-03
40000 5.719e-03 3.306e-03 2.506e-03 1.172e-02
50000 7.077e-03 4.081e-03 3.134e-03 1.452e-02
60000 8.579e-03 4.839e-03 3.744e-03 1.744e-02
70000 9.815e-03 5.617e-03 4.325e-03 2.007e-02
80000 1.200e-02 6.406e-03 5.052e-03 2.381e-02
90000 1.260e-02 7.184e-03 5.559e-03 2.574e-02
100000 1.414e-02 8.002e-03 6.166e-03 2.874e-02
200000 2.863e-02 1.567e-02 1.230e-02 5.744e-02
300000 4.270e-02 2.336e-02 1.867e-02 8.596e-02
