1000 2.840e-04 2.480e-04 8.900e-05 6.580e-04
2000 4.230e-04 3.340e-04 1.560e-04 9.550e-04
3000 5.710e-04 4.210e-04 2.260e-04 1.264e-03
4000 7.110e-04 5.030e-04 2.980e-04 1.560e-03
5000 8.490e-04 5.830e-04 3.610e-04 1.845e-03
6000 1.008e-03 6.640e-04 4.190e-04 2.149e-03
7000 1.142e-03 7.470e-04 4.870e-04 2.436e-03
8000 1.264e-03 8.220e-04 5.440e-04 2.693e-03
9000 1.411e-03 9.070e-04 5.990e-04 2.985e-03
10000 1.545e-03 9.940e-04 6.620e-04 3.273e-03
20000 2.948e-03 1.761e-03 1.268e-03 6.089e-03
30000 4.357e-03 2.528e-03 1.887e-03 8.924e-03
40000 5.748e-03 3.295e-03 2.499e-03 1.173e-02
50000 8.391e-03 4.298e-03 3.135e-03 1.606e-02
60000 8.660e-03 4.842e-03 3.744e-03 1.752e-02
70000 9.870e-03 5.606e-03 4.435e-03 2.023e-02
80000 1.140e-02 6.410e-03 4.934e-03 2.310e-02
90000 1.320e-02 7.553e-03 5.558e-03 2.671e-02
100000 1.387e-02 7.970e-03 6.211e-03 2.848e-02
200000 2.888e-02 1.606e-02 1.230e-02 5.807e-02
300000 4.206e-02 2.364e-02 1.846e-02 8.540e-02
