1000 2.050e-04 1.850e-04 5.100e-05 4.760e-04
2000 2.430e-04 2.180e-04 8.300e-05 5.840e-04
3000 2.970e-04 2.410e-04 1.140e-04 6.960e-04
4000 3.450e-04 2.690e-04 1.990e-04 8.620e-04
5000 4.020e-04 2.940e-04 1.760e-04 9.230e-04
6000 4.620e-04 3.210e-04 2.100e-04 1.050e-03
7000 5.080e-04 3.500e-04 2.380e-04 1.156e-03
8000 5.520e-04 3.750e-04 2.720e-04 1.263e-03
9000 6.110e-04 4.030e-04 3.030e-04 1.385e-03
10000 6.780e-04 4.300e-04 3.350e-04 1.515e-03
20000 1.185e-03 6.840e-04 6.130e-04 2.594e-03
30000 1.773e-03 9.360e-04 8.900e-04 3.747e-03
40000 2.330e-03 1.168e-03 1.166e-03 4.853e-03
50000 2.770e-03 1.411e-03 1.455e-03 5.868e-03
60000 3.356e-03 1.661e-03 1.737e-03 7.024e-03
70000 3.859e-03 1.890e-03 2.013e-03 8.072e-03
80000 4.405e-03 2.134e-03 2.289e-03 9.176e-03
90000 4.953e-03 2.378e-03 2.560e-03 1.028e-02
100000 5.608e-03 2.623e-03 2.849e-03 1.151e-02
200000 1.091e-02 5.056e-03 5.620e-03 2.241e-02
300000 1.554e-02 7.400e-03 8.409e-03 3.258e-02
