1000 7.960e-04 2.530e-04 4.570e-04 4.126e-03 1.003e-03 4.415e-03 2.080e-04 1.214e-02
2000 9.830e-04 7.930e-04 9.100e-04 4.132e-03 1.006e-03 4.430e-03 3.620e-04 1.350e-02
3000 1.114e-03 9.830e-04 1.367e-03 4.127e-03 1.002e-03 4.415e-03 5.060e-04 1.440e-02
4000 1.293e-03 9.810e-04 1.817e-03 4.132e-03 1.002e-03 4.424e-03 7.000e-04 1.524e-02
5000 1.468e-03 9.160e-04 2.260e-03 4.131e-03 1.001e-03 4.416e-03 8.330e-04 1.591e-02
6000 1.778e-03 9.720e-04 2.702e-03 4.133e-03 1.006e-03 4.412e-03 9.690e-04 1.686e-02
7000 2.505e-03 1.032e-03 3.177e-03 4.134e-03 1.001e-03 4.414e-03 1.172e-03 1.833e-02
8000 2.760e-03 1.090e-03 3.644e-03 4.134e-03 1.002e-03 4.413e-03 1.302e-03 1.923e-02
9000 3.151e-03 1.125e-03 4.109e-03 4.131e-03 1.013e-03 4.421e-03 1.438e-03 2.028e-02
10000 3.571e-03 1.361e-03 4.516e-03 4.135e-03 1.001e-03 4.412e-03 1.564e-03 2.145e-02
20000 8.476e-03 1.778e-03 9.099e-03 4.129e-03 1.002e-03 4.417e-03 2.994e-03 3.280e-02
30000 1.235e-02 2.098e-03 1.364e-02 4.129e-03 1.003e-03 4.419e-03 4.326e-03 4.285e-02
40000 1.626e-02 2.404e-03 1.821e-02 4.134e-03 1.001e-03 4.409e-03 5.723e-03 5.304e-02
50000 2.049e-02 2.729e-03 2.276e-02 4.137e-03 1.000e-03 4.413e-03 7.091e-03 6.352e-02
60000 2.477e-02 3.059e-03 2.725e-02 4.132e-03 1.003e-03 4.411e-03 8.468e-03 7.399e-02
70000 2.868e-02 3.390e-03 3.194e-02 4.133e-03 1.005e-03 4.409e-03 9.830e-03 8.429e-02
80000 3.294e-02 3.729e-03 3.631e-02 4.135e-03 1.005e-03 4.413e-03 1.124e-02 9.467e-02
90000 3.715e-02 4.116e-03 4.087e-02 4.136e-03 1.001e-03 4.414e-03 1.250e-02 1.051e-01
100000 4.091e-02 4.452e-03 4.545e-02 4.132e-03 1.000e-03 4.415e-03 1.390e-02 1.151e-01
200000 8.322e-02 9.501e-03 9.112e-02 4.132e-03 1.000e-03 4.408e-03 2.744e-02 2.217e-01
300000 1.237e-01 400000 500000 