1000 8.760e-04 2.690e-04 4.780e-04 4.464e-03 1.089e-03 4.777e-03 2.170e-04 1.306e-02
2000 1.078e-03 8.490e-04 9.210e-04 4.469e-03 1.089e-03 4.793e-03 3.590e-04 1.444e-02
3000 1.225e-03 1.037e-03 1.394e-03 4.463e-03 1.088e-03 4.775e-03 5.180e-04 1.538e-02
4000 1.407e-03 1.029e-03 1.847e-03 4.462e-03 1.092e-03 4.775e-03 7.090e-04 1.621e-02
5000 1.612e-03 9.980e-04 2.300e-03 4.463e-03 1.082e-03 4.773e-03 8.570e-04 1.698e-02
6000 1.928e-03 1.034e-03 2.753e-03 4.472e-03 1.081e-03 4.774e-03 1.000e-03 1.793e-02
7000 2.672e-03 1.093e-03 3.174e-03 4.466e-03 1.083e-03 4.778e-03 1.203e-03 1.937e-02
8000 2.977e-03 1.128e-03 3.642e-03 4.458e-03 1.082e-03 4.774e-03 1.347e-03 2.025e-02
9000 3.331e-03 1.197e-03 4.103e-03 4.470e-03 1.083e-03 4.778e-03 1.470e-03 2.133e-02
10000 3.747e-03 1.464e-03 4.567e-03 4.461e-03 1.082e-03 4.773e-03 1.604e-03 2.258e-02
20000 8.842e-03 1.842e-03 9.144e-03 4.463e-03 1.087e-03 4.782e-03 3.074e-03 3.412e-02
30000 1.290e-02 2.230e-03 1.368e-02 4.468e-03 1.083e-03 4.775e-03 4.525e-03 4.456e-02
40000 1.667e-02 2.568e-03 1.827e-02 4.473e-03 1.088e-03 4.779e-03 5.935e-03 5.469e-02
50000 2.138e-02 2.927e-03 2.270e-02 4.463e-03 1.079e-03 4.774e-03 7.275e-03 6.551e-02
60000 2.577e-02 3.248e-03 2.734e-02 4.483e-03 1.080e-03 4.772e-03 8.670e-03 7.628e-02
70000 2.979e-02 3.601e-03 3.176e-02 4.462e-03 1.085e-03 4.784e-03 1.007e-02 8.642e-02
80000 3.426e-02 3.955e-03 3.637e-02 4.468e-03 1.081e-03 4.771e-03 1.150e-02 9.730e-02
90000 3.880e-02 4.432e-03 4.085e-02 4.476e-03 1.085e-03 4.777e-03 1.290e-02 1.082e-01
100000 4.104e-02 4.488e-03 4.556e-02 4.135e-03 1.009e-03 4.409e-03 1.393e-02 1.154e-01
200000 8.315e-02 9.532e-03 9.106e-02 4.135e-03 1.001e-03 4.410e-03 2.746e-02 2.216e-01
300000 1.237e-01 400000 500000 