1000 1.770e-04 1.330e-04 1.250e-04 4.466e-03 1.085e-03 4.780e-03 8.500e-05 1.174e-02
2000 1.900e-04 2.590e-04 2.040e-04 4.457e-03 1.083e-03 4.940e-03 1.270e-04 1.230e-02
3000 2.190e-04 3.950e-04 2.770e-04 4.461e-03 1.081e-03 4.776e-03 1.690e-04 1.226e-02
4000 2.540e-04 4.020e-04 3.500e-04 4.456e-03 1.080e-03 4.774e-03 2.150e-04 1.242e-02
5000 2.730e-04 5.250e-04 4.380e-04 4.458e-03 1.085e-03 4.773e-03 2.550e-04 1.269e-02
6000 2.880e-04 5.400e-04 5.130e-04 4.466e-03 1.083e-03 4.777e-03 2.980e-04 1.286e-02
7000 3.380e-04 5.520e-04 5.890e-04 4.460e-03 1.084e-03 4.775e-03 3.410e-04 1.305e-02
8000 3.590e-04 4.610e-04 6.740e-04 4.456e-03 1.084e-03 4.775e-03 3.820e-04 1.308e-02
9000 4.490e-04 5.040e-04 7.530e-04 4.460e-03 1.083e-03 4.776e-03 4.300e-04 1.334e-02
10000 4.600e-04 5.210e-04 8.310e-04 4.458e-03 1.080e-03 4.775e-03 4.650e-04 1.348e-02
20000 9.490e-04 6.640e-04 1.657e-03 4.468e-03 1.086e-03 4.774e-03 8.950e-04 1.539e-02
30000 1.378e-03 8.840e-04 2.538e-03 4.463e-03 1.085e-03 4.775e-03 1.333e-03 1.736e-02
40000 1.753e-03 9.340e-04 3.396e-03 4.467e-03 1.084e-03 4.778e-03 1.764e-03 1.909e-02
50000 2.195e-03 1.173e-03 4.156e-03 4.476e-03 1.082e-03 4.776e-03 2.226e-03 2.099e-02
60000 2.686e-03 1.314e-03 4.987e-03 4.477e-03 1.087e-03 4.784e-03 2.655e-03 2.290e-02
70000 3.026e-03 1.344e-03 5.850e-03 4.472e-03 1.082e-03 4.778e-03 3.085e-03 2.454e-02
80000 3.463e-03 1.593e-03 6.684e-03 4.473e-03 1.084e-03 4.776e-03 3.493e-03 2.647e-02
90000 3.984e-03 1.676e-03 7.512e-03 4.463e-03 1.081e-03 4.775e-03 3.897e-03 2.826e-02
100000 4.272e-03 1.801e-03 8.343e-03 4.468e-03 1.081e-03 4.772e-03 4.339e-03 2.999e-02
200000 8.665e-03 3.297e-03 1.672e-02 4.464e-03 1.083e-03 4.775e-03 8.459e-03 4.831e-02
300000 1.304e-02 5.053e-03 2.518e-02 4.823e-03 1.079e-03 4.770e-03 1.288e-02 6.769e-02
400000 1.797e-02 6.983e-03 3.344e-02 4.474e-03 1.089e-03 4.773e-03 1.678e-02 8.636e-02
500000 2.243e-02 9.050e-03 4.184e-02 4.467e-03 1.084e-03 4.773e-03 2.093e-02 1.055e-01
