1000 3.750e-04 1.820e-04 2.530e-04 4.123e-03 1.000e-03 4.412e-03 1.330e-04 1.136e-02
2000 4.340e-04 5.270e-04 4.730e-04 4.273e-03 1.088e-03 4.509e-03 2.250e-04 1.241e-02
3000 5.180e-04 5.620e-04 6.960e-04 4.125e-03 1.001e-03 4.414e-03 3.200e-04 1.252e-02
4000 5.730e-04 5.710e-04 9.330e-04 4.127e-03 1.004e-03 4.413e-03 4.270e-04 1.293e-02
5000 6.560e-04 6.030e-04 1.165e-03 4.128e-03 1.001e-03 4.414e-03 5.050e-04 1.336e-02
6000 8.230e-04 7.310e-04 1.389e-03 4.129e-03 1.001e-03 4.486e-03 6.010e-04 1.404e-02
7000 1.057e-03 7.570e-04 1.641e-03 4.134e-03 1.004e-03 4.417e-03 6.860e-04 1.459e-02
8000 1.186e-03 7.430e-04 1.880e-03 4.124e-03 9.970e-04 4.415e-03 7.780e-04 1.497e-02
9000 1.418e-03 6.740e-04 2.106e-03 4.121e-03 9.980e-04 4.404e-03 8.180e-04 1.539e-02
10000 1.539e-03 8.250e-04 2.326e-03 4.129e-03 1.004e-03 4.414e-03 9.110e-04 1.603e-02
20000 3.493e-03 1.052e-03 4.721e-03 4.127e-03 9.980e-04 4.412e-03 1.692e-03 2.139e-02
30000 5.195e-03 1.321e-03 7.092e-03 4.236e-03 9.970e-04 4.408e-03 2.472e-03 2.657e-02
40000 6.694e-03 1.466e-03 9.520e-03 4.136e-03 1.006e-03 4.415e-03 3.272e-03 3.141e-02
50000 8.527e-03 1.813e-03 1.259e-02 4.138e-03 1.080e-03 4.411e-03 4.024e-03 3.749e-02
60000 1.026e-02 2.020e-03 1.431e-02 4.130e-03 1.002e-03 4.415e-03 4.772e-03 4.180e-02
70000 1.176e-02 2.190e-03 1.668e-02 4.135e-03 9.980e-04 4.412e-03 5.515e-03 4.659e-02
80000 1.357e-02 2.388e-03 1.910e-02 4.133e-03 9.990e-04 4.414e-03 6.311e-03 5.177e-02
90000 1.523e-02 2.653e-03 2.166e-02 4.147e-03 1.008e-03 4.434e-03 7.087e-03 5.713e-02
100000 1.692e-02 2.884e-03 2.395e-02 4.145e-03 1.007e-03 4.416e-03 7.839e-03 6.206e-02
200000 3.422e-02 5.652e-03 4.818e-02 4.136e-03 1.006e-03 4.433e-03 1.539e-02 1.139e-01
300000 5.096e-02 9.588e-03 7.220e-02 4.131e-03 9.980e-04 4.413e-03 2.303e-02 1.662e-01
400000 6.814e-02 1.406e-02 9.641e-02 4.135e-03 1.000e-03 4.411e-03 3.060e-02 2.196e-01
500000 8.552e-02 1.921e-02 1.205e-01 4.134e-03 1.000e-03 4.410e-03 3.830e-02 2.739e-01
