1000 4.100e-04 1.780e-04 2.510e-04 4.122e-03 1.002e-03 4.410e-03 1.300e-04 1.134e-02
2000 4.320e-04 5.290e-04 4.670e-04 4.135e-03 1.001e-03 4.415e-03 2.260e-04 1.209e-02
3000 5.150e-04 5.600e-04 7.060e-04 4.133e-03 1.003e-03 4.414e-03 3.180e-04 1.254e-02
4000 5.730e-04 5.700e-04 9.290e-04 4.139e-03 9.980e-04 4.417e-03 4.280e-04 1.293e-02
5000 6.580e-04 5.980e-04 1.173e-03 4.133e-03 1.006e-03 4.417e-03 5.180e-04 1.339e-02
6000 8.900e-04 7.710e-04 1.388e-03 4.467e-03 1.079e-03 4.773e-03 6.050e-04 1.486e-02
7000 1.127e-03 7.940e-04 1.655e-03 4.463e-03 1.084e-03 4.774e-03 7.060e-04 1.548e-02
8000 1.266e-03 7.850e-04 1.870e-03 4.457e-03 1.081e-03 4.772e-03 8.050e-04 1.589e-02
9000 1.471e-03 7.440e-04 2.098e-03 4.459e-03 1.087e-03 4.777e-03 8.360e-04 1.636e-02
10000 1.635e-03 8.590e-04 2.363e-03 4.466e-03 1.085e-03 4.774e-03 9.250e-04 1.702e-02
20000 3.644e-03 1.122e-03 4.722e-03 4.467e-03 1.084e-03 4.779e-03 1.741e-03 2.246e-02
30000 5.312e-03 1.428e-03 7.143e-03 4.468e-03 1.084e-03 4.776e-03 2.541e-03 2.765e-02
40000 6.968e-03 1.552e-03 9.499e-03 4.476e-03 1.082e-03 4.780e-03 3.379e-03 3.265e-02
50000 8.772e-03 1.871e-03 1.192e-02 4.466e-03 1.089e-03 4.775e-03 4.161e-03 3.800e-02
60000 1.063e-02 2.041e-03 1.421e-02 4.465e-03 1.082e-03 4.775e-03 4.887e-03 4.296e-02
70000 1.234e-02 2.316e-03 1.682e-02 4.467e-03 1.088e-03 4.780e-03 5.671e-03 4.839e-02
80000 1.400e-02 2.485e-03 1.914e-02 4.470e-03 1.081e-03 4.775e-03 6.442e-03 5.328e-02
90000 1.589e-02 2.723e-03 2.159e-02 4.465e-03 1.078e-03 4.772e-03 7.287e-03 5.871e-02
100000 1.757e-02 2.973e-03 2.397e-02 4.468e-03 1.082e-03 4.779e-03 8.112e-03 6.383e-02
200000 3.537e-02 5.919e-03 4.822e-02 4.464e-03 1.079e-03 4.771e-03 1.582e-02 1.165e-01
300000 5.298e-02 1.001e-02 7.249e-02 4.468e-03 1.080e-03 4.989e-03 2.300e-02 1.701e-01
400000 6.821e-02 1.404e-02 9.666e-02 4.134e-03 1.003e-03 4.415e-03 3.055e-02 2.199e-01
500000 8.526e-02 1.916e-02 1.208e-01 4.133e-03 1.003e-03 4.410e-03 3.834e-02 2.740e-01
