1000 1.580e-04 1.270e-04 1.300e-04 4.125e-03 1.001e-03 4.417e-03 8.200e-05 1.095e-02
2000 1.760e-04 2.490e-04 2.020e-04 4.131e-03 1.001e-03 4.413e-03 1.210e-04 1.118e-02
3000 1.950e-04 3.930e-04 2.750e-04 4.127e-03 1.002e-03 4.412e-03 1.620e-04 1.145e-02
4000 2.270e-04 3.840e-04 3.490e-04 4.124e-03 1.008e-03 4.412e-03 2.030e-04 1.158e-02
5000 2.460e-04 5.020e-04 4.400e-04 4.129e-03 1.001e-03 4.412e-03 2.450e-04 1.187e-02
6000 2.630e-04 5.140e-04 5.220e-04 4.126e-03 1.001e-03 4.415e-03 2.830e-04 1.201e-02
7000 3.090e-04 5.580e-04 5.940e-04 4.130e-03 1.003e-03 4.412e-03 3.230e-04 1.221e-02
8000 3.350e-04 4.420e-04 6.680e-04 4.128e-03 1.006e-03 4.414e-03 3.520e-04 1.223e-02
9000 3.790e-04 4.590e-04 7.520e-04 4.135e-03 1.006e-03 4.415e-03 3.990e-04 1.243e-02
10000 4.270e-04 5.060e-04 8.320e-04 4.128e-03 1.003e-03 4.413e-03 4.340e-04 1.262e-02
20000 9.010e-04 6.340e-04 1.689e-03 4.131e-03 1.000e-03 4.410e-03 8.290e-04 1.448e-02
30000 1.295e-03 8.660e-04 2.501e-03 4.130e-03 9.990e-04 4.413e-03 1.225e-03 1.632e-02
40000 1.745e-03 9.190e-04 3.384e-03 4.471e-03 1.082e-03 4.774e-03 1.771e-03 1.905e-02
50000 2.214e-03 1.129e-03 4.133e-03 4.485e-03 1.081e-03 4.773e-03 2.228e-03 2.090e-02
60000 2.699e-03 1.258e-03 4.951e-03 4.461e-03 1.083e-03 4.773e-03 2.649e-03 2.273e-02
70000 3.089e-03 1.346e-03 5.897e-03 4.470e-03 1.085e-03 4.774e-03 3.084e-03 2.465e-02
80000 3.495e-03 1.551e-03 6.737e-03 4.465e-03 1.082e-03 4.775e-03 3.487e-03 2.646e-02
90000 3.970e-03 1.717e-03 7.497e-03 4.466e-03 1.089e-03 4.778e-03 3.911e-03 2.834e-02
100000 4.368e-03 1.860e-03 8.297e-03 4.482e-03 1.085e-03 4.776e-03 4.378e-03 3.014e-02
200000 8.720e-03 3.331e-03 1.670e-02 4.468e-03 1.087e-03 4.778e-03 8.467e-03 4.842e-02
300000 1.297e-02 5.093e-03 2.510e-02 4.466e-03 1.087e-03 4.772e-03 1.267e-02 6.702e-02
400000 1.788e-02 6.969e-03 3.347e-02 4.467e-03 1.087e-03 4.769e-03 1.680e-02 8.632e-02
500000 2.237e-02 9.055e-03 4.176e-02 4.485e-03 1.084e-03 4.771e-03 2.093e-02 1.053e-01
