1000 3.770e-04 1.810e-04 2.540e-04 4.127e-03 1.009e-03 4.415e-03 1.320e-04 1.137e-02
2000 4.350e-04 5.310e-04 4.740e-04 4.125e-03 1.000e-03 4.411e-03 2.240e-04 1.209e-02
3000 5.140e-04 5.630e-04 6.920e-04 4.125e-03 1.011e-03 4.716e-03 3.180e-04 1.283e-02
4000 5.720e-04 5.710e-04 9.280e-04 4.127e-03 1.003e-03 4.419e-03 4.250e-04 1.293e-02
5000 6.550e-04 5.970e-04 1.163e-03 4.129e-03 1.007e-03 4.414e-03 5.100e-04 1.336e-02
6000 8.530e-04 6.810e-04 1.395e-03 4.124e-03 1.003e-03 4.409e-03 5.870e-04 1.390e-02
7000 1.060e-03 7.690e-04 1.622e-03 4.130e-03 1.001e-03 4.415e-03 6.790e-04 1.456e-02
8000 1.174e-03 7.450e-04 1.847e-03 4.122e-03 1.000e-03 4.411e-03 7.730e-04 1.491e-02
9000 1.392e-03 7.040e-04 2.112e-03 4.131e-03 1.001e-03 4.412e-03 8.310e-04 1.547e-02
10000 1.549e-03 8.160e-04 2.348e-03 4.130e-03 1.002e-03 4.413e-03 9.240e-04 1.606e-02
20000 3.534e-03 1.052e-03 4.718e-03 4.131e-03 1.002e-03 4.417e-03 1.700e-03 2.144e-02
30000 5.117e-03 1.371e-03 7.094e-03 4.131e-03 1.001e-03 4.415e-03 2.470e-03 2.649e-02
40000 6.755e-03 1.476e-03 9.487e-03 4.135e-03 1.003e-03 4.413e-03 3.222e-03 3.139e-02
50000 8.567e-03 1.787e-03 1.201e-02 4.126e-03 1.002e-03 4.404e-03 3.994e-03 3.685e-02
60000 1.023e-02 1.985e-03 1.430e-02 4.133e-03 1.005e-03 4.412e-03 4.810e-03 4.178e-02
70000 1.186e-02 2.167e-03 1.681e-02 4.131e-03 1.002e-03 4.412e-03 5.497e-03 4.677e-02
80000 1.352e-02 2.437e-03 1.917e-02 4.132e-03 1.002e-03 4.412e-03 6.359e-03 5.189e-02
90000 1.537e-02 2.616e-03 2.151e-02 4.134e-03 1.001e-03 4.410e-03 7.125e-03 5.706e-02
100000 1.696e-02 2.844e-03 2.481e-02 4.139e-03 1.001e-03 4.412e-03 7.883e-03 6.291e-02
200000 3.431e-02 5.697e-03 4.804e-02 4.131e-03 1.001e-03 4.411e-03 1.551e-02 1.140e-01
300000 5.111e-02 1.025e-02 7.318e-02 4.133e-03 1.001e-03 4.413e-03 2.303e-02 1.680e-01
400000 6.796e-02 1.409e-02 9.677e-02 4.132e-03 9.990e-04 4.411e-03 3.074e-02 2.200e-01
500000 8.531e-02 1.917e-02 1.210e-01 4.136e-03 9.990e-04 4.411e-03 3.827e-02 2.741e-01
