1000 7.940e-04 2.530e-04 4.710e-04 4.132e-03 1.003e-03 4.413e-03 2.100e-04 1.216e-02
2000 9.840e-04 7.910e-04 9.110e-04 4.127e-03 1.001e-03 4.413e-03 3.540e-04 1.347e-02
3000 1.118e-03 9.880e-04 1.366e-03 4.124e-03 1.003e-03 4.413e-03 5.060e-04 1.440e-02
4000 1.290e-03 9.750e-04 1.812e-03 4.131e-03 1.003e-03 4.414e-03 7.010e-04 1.522e-02
5000 1.470e-03 9.130e-04 2.250e-03 4.136e-03 1.005e-03 4.414e-03 8.400e-04 1.591e-02
6000 1.789e-03 1.024e-03 2.735e-03 4.136e-03 1.002e-03 4.420e-03 9.860e-04 1.698e-02
7000 2.515e-03 1.077e-03 3.161e-03 4.360e-03 1.004e-03 4.408e-03 1.165e-03 1.858e-02
8000 2.757e-03 1.084e-03 3.617e-03 4.130e-03 1.000e-03 4.416e-03 1.303e-03 1.919e-02
9000 3.185e-03 1.124e-03 4.072e-03 4.126e-03 1.000e-03 4.414e-03 1.438e-03 2.025e-02
10000 3.595e-03 1.348e-03 4.535e-03 4.125e-03 1.002e-03 4.413e-03 1.555e-03 2.143e-02
20000 8.530e-03 1.730e-03 9.070e-03 4.122e-03 9.960e-04 4.410e-03 2.973e-03 3.268e-02
30000 1.230e-02 2.125e-03 1.362e-02 4.140e-03 1.003e-03 4.416e-03 4.337e-03 4.285e-02
40000 1.621e-02 2.415e-03 1.816e-02 4.131e-03 9.990e-04 4.415e-03 5.683e-03 5.292e-02
50000 2.056e-02 2.760e-03 2.271e-02 4.131e-03 1.002e-03 4.413e-03 7.062e-03 6.354e-02
60000 2.485e-02 3.053e-03 2.729e-02 4.132e-03 9.980e-04 4.411e-03 8.443e-03 7.404e-02
70000 2.844e-02 3.394e-03 3.184e-02 4.133e-03 1.002e-03 4.415e-03 9.817e-03 8.395e-02
80000 3.306e-02 3.706e-03 3.634e-02 4.130e-03 1.003e-03 4.412e-03 1.112e-02 9.467e-02
90000 3.743e-02 4.114e-03 4.101e-02 4.132e-03 1.000e-03 4.412e-03 1.246e-02 1.054e-01
100000 4.118e-02 4.470e-03 4.558e-02 4.129e-03 1.006e-03 4.409e-03 1.395e-02 1.156e-01
200000 8.350e-02 9.475e-03 9.097e-02 4.130e-03 1.000e-03 4.409e-03 2.787e-02 2.222e-01
300000 1.236e-01 400000 500000 