1000 1.780e-04 1.310e-04 1.260e-04 4.463e-03 1.087e-03 4.783e-03 8.400e-05 1.174e-02
2000 1.960e-04 2.680e-04 2.000e-04 4.458e-03 1.084e-03 4.775e-03 1.280e-04 1.200e-02
3000 2.180e-04 3.920e-04 2.730e-04 4.458e-03 1.085e-03 4.776e-03 1.730e-04 1.226e-02
4000 2.520e-04 3.970e-04 3.540e-04 4.463e-03 1.082e-03 4.774e-03 2.180e-04 1.243e-02
5000 2.770e-04 5.140e-04 4.310e-04 4.465e-03 1.083e-03 4.772e-03 2.550e-04 1.268e-02
6000 2.930e-04 5.330e-04 5.200e-04 4.458e-03 1.078e-03 4.773e-03 2.960e-04 1.285e-02
7000 3.410e-04 5.510e-04 5.910e-04 4.461e-03 1.085e-03 4.878e-03 3.450e-04 1.313e-02
8000 3.680e-04 4.620e-04 6.590e-04 4.462e-03 1.088e-03 4.778e-03 3.830e-04 1.308e-02
9000 4.100e-04 4.800e-04 7.460e-04 4.458e-03 1.082e-03 4.773e-03 4.250e-04 1.326e-02
10000 4.610e-04 5.190e-04 8.330e-04 4.459e-03 1.084e-03 4.777e-03 4.670e-04 1.350e-02
20000 9.320e-04 6.530e-04 1.668e-03 4.460e-03 1.083e-03 4.778e-03 9.030e-04 1.537e-02
30000 1.381e-03 8.920e-04 2.504e-03 4.464e-03 1.081e-03 4.776e-03 1.325e-03 1.735e-02
40000 1.749e-03 1.076e-03 3.740e-03 4.473e-03 1.081e-03 4.879e-03 1.786e-03 1.970e-02
50000 2.235e-03 1.138e-03 4.136e-03 4.466e-03 1.087e-03 4.775e-03 2.229e-03 2.092e-02
60000 2.673e-03 1.321e-03 5.008e-03 4.471e-03 1.085e-03 4.774e-03 2.646e-03 2.288e-02
70000 3.088e-03 1.330e-03 5.960e-03 4.470e-03 1.080e-03 4.771e-03 3.071e-03 2.467e-02
80000 3.484e-03 1.583e-03 6.686e-03 4.472e-03 1.085e-03 4.777e-03 3.512e-03 2.650e-02
90000 3.984e-03 1.699e-03 7.487e-03 4.472e-03 1.081e-03 4.771e-03 3.919e-03 2.831e-02
100000 4.334e-03 1.842e-03 8.405e-03 4.467e-03 1.080e-03 4.773e-03 4.342e-03 3.014e-02
200000 8.693e-03 3.313e-03 1.676e-02 4.465e-03 1.084e-03 4.777e-03 8.469e-03 4.842e-02
300000 1.306e-02 5.132e-03 2.573e-02 4.586e-03 1.077e-03 4.769e-03 1.286e-02 6.810e-02
400000 1.787e-02 7.023e-03 3.340e-02 4.467e-03 1.080e-03 4.772e-03 1.679e-02 8.626e-02
500000 2.242e-02 9.005e-03 4.192e-02 4.466e-03 1.083e-03 4.769e-03 2.092e-02 1.054e-01
