1000 3.770e-04 1.850e-04 2.530e-04 4.132e-03 1.003e-03 4.416e-03 1.340e-04 1.138e-02
2000 4.340e-04 5.300e-04 4.810e-04 4.133e-03 1.005e-03 4.413e-03 2.320e-04 1.212e-02
3000 5.140e-04 5.590e-04 6.890e-04 4.125e-03 1.001e-03 4.414e-03 3.200e-04 1.250e-02
4000 5.710e-04 5.720e-04 9.250e-04 4.128e-03 1.001e-03 4.412e-03 4.230e-04 1.292e-02
5000 6.510e-04 5.950e-04 1.175e-03 4.132e-03 9.990e-04 4.410e-03 5.160e-04 1.336e-02
6000 8.230e-04 7.250e-04 1.378e-03 4.129e-03 1.000e-03 4.417e-03 5.980e-04 1.396e-02
7000 1.062e-03 7.520e-04 1.631e-03 4.143e-03 1.000e-03 4.415e-03 6.790e-04 1.457e-02
8000 1.152e-03 7.890e-04 1.855e-03 4.127e-03 1.004e-03 4.415e-03 7.780e-04 1.501e-02
9000 1.410e-03 7.090e-04 2.102e-03 4.133e-03 1.003e-03 4.414e-03 8.340e-04 1.549e-02
10000 1.541e-03 8.120e-04 2.350e-03 4.133e-03 1.003e-03 4.415e-03 9.150e-04 1.606e-02
20000 3.498e-03 1.058e-03 4.741e-03 4.134e-03 1.001e-03 4.416e-03 1.688e-03 2.142e-02
30000 5.105e-03 1.360e-03 7.141e-03 4.133e-03 1.000e-03 4.415e-03 2.495e-03 2.654e-02
40000 6.704e-03 1.472e-03 9.557e-03 4.138e-03 1.001e-03 4.414e-03 3.274e-03 3.146e-02
50000 8.534e-03 1.781e-03 1.196e-02 4.141e-03 1.007e-03 4.416e-03 4.038e-03 3.679e-02
60000 1.023e-02 2.017e-03 1.436e-02 4.142e-03 1.004e-03 4.414e-03 4.789e-03 4.185e-02
70000 1.189e-02 2.221e-03 1.677e-02 4.135e-03 1.001e-03 4.413e-03 5.543e-03 4.687e-02
80000 1.349e-02 2.370e-03 1.914e-02 4.130e-03 1.004e-03 4.411e-03 6.345e-03 5.177e-02
90000 1.538e-02 2.596e-03 2.151e-02 4.134e-03 9.980e-04 4.410e-03 7.103e-03 5.700e-02
100000 1.694e-02 2.838e-03 2.402e-02 4.132e-03 1.001e-03 4.413e-03 7.861e-03 6.207e-02
200000 3.413e-02 5.678e-03 4.806e-02 4.134e-03 1.002e-03 4.414e-03 1.545e-02 1.137e-01
300000 5.107e-02 9.690e-03 7.237e-02 4.132e-03 1.005e-03 4.411e-03 2.295e-02 1.665e-01
400000 6.770e-02 1.405e-02 9.665e-02 4.137e-03 1.004e-03 4.415e-03 3.055e-02 2.194e-01
500000 8.542e-02 1.923e-02 1.208e-01 4.134e-03 1.007e-03 4.410e-03 3.817e-02 2.740e-01
