1000 7.970e-04 2.540e-04 4.600e-04 4.128e-03 1.000e-03 4.412e-03 2.100e-04 1.215e-02
2000 9.820e-04 7.970e-04 9.040e-04 4.130e-03 1.006e-03 4.414e-03 3.570e-04 1.347e-02
3000 1.111e-03 9.810e-04 1.354e-03 4.131e-03 1.004e-03 4.415e-03 5.050e-04 1.438e-02
4000 1.293e-03 9.770e-04 1.814e-03 4.131e-03 1.000e-03 4.411e-03 6.940e-04 1.520e-02
5000 1.470e-03 9.150e-04 2.244e-03 4.130e-03 9.990e-04 4.414e-03 8.380e-04 1.589e-02
6000 1.789e-03 9.740e-04 2.710e-03 4.146e-03 1.009e-03 4.416e-03 9.790e-04 1.690e-02
7000 2.508e-03 1.030e-03 3.182e-03 4.133e-03 1.001e-03 4.413e-03 1.156e-03 1.834e-02
8000 2.767e-03 1.083e-03 3.575e-03 4.130e-03 1.003e-03 4.418e-03 1.305e-03 1.917e-02
9000 3.152e-03 1.120e-03 4.050e-03 4.127e-03 1.003e-03 4.416e-03 1.436e-03 2.020e-02
10000 3.583e-03 1.334e-03 4.536e-03 4.121e-03 9.950e-04 4.410e-03 1.559e-03 2.142e-02
20000 8.421e-03 1.760e-03 9.066e-03 4.133e-03 9.990e-04 4.417e-03 2.995e-03 3.269e-02
30000 1.240e-02 2.078e-03 1.363e-02 4.142e-03 1.000e-03 4.417e-03 4.386e-03 4.295e-02
40000 1.629e-02 2.414e-03 1.821e-02 4.138e-03 1.010e-03 4.414e-03 5.772e-03 5.314e-02
50000 2.063e-02 2.763e-03 2.268e-02 4.140e-03 1.001e-03 4.413e-03 7.087e-03 6.362e-02
60000 2.462e-02 3.042e-03 2.718e-02 4.134e-03 1.006e-03 4.412e-03 8.435e-03 7.373e-02
70000 2.877e-02 3.404e-03 3.170e-02 4.128e-03 1.007e-03 4.415e-03 9.769e-03 8.409e-02
80000 3.302e-02 3.732e-03 3.635e-02 4.136e-03 1.007e-03 4.412e-03 1.120e-02 9.471e-02
90000 3.740e-02 4.128e-03 4.093e-02 4.133e-03 1.001e-03 4.410e-03 1.252e-02 1.054e-01
100000 4.109e-02 4.470e-03 4.564e-02 4.136e-03 9.990e-04 4.409e-03 1.390e-02 1.155e-01
200000 8.316e-02 9.489e-03 9.100e-02 4.130e-03 1.004e-03 4.410e-03 2.753e-02 2.216e-01
300000 1.240e-01 400000 500000 