1000 3.750e-04 1.820e-04 2.500e-04 4.127e-03 1.003e-03 4.413e-03 1.390e-04 1.138e-02
2000 4.350e-04 5.290e-04 4.710e-04 4.128e-03 1.006e-03 4.413e-03 2.260e-04 1.209e-02
3000 5.170e-04 5.640e-04 6.990e-04 4.127e-03 1.003e-03 4.415e-03 3.200e-04 1.253e-02
4000 5.730e-04 5.650e-04 9.270e-04 4.126e-03 1.003e-03 4.414e-03 4.240e-04 1.292e-02
5000 6.520e-04 5.970e-04 1.169e-03 4.134e-03 1.000e-03 4.412e-03 5.110e-04 1.336e-02
6000 8.420e-04 6.860e-04 1.384e-03 4.121e-03 9.970e-04 4.411e-03 5.940e-04 1.391e-02
7000 1.067e-03 7.530e-04 1.637e-03 4.133e-03 1.000e-03 4.432e-03 6.780e-04 1.460e-02
8000 1.154e-03 7.850e-04 1.875e-03 4.129e-03 1.004e-03 4.410e-03 7.670e-04 1.501e-02
9000 1.385e-03 7.040e-04 2.093e-03 4.124e-03 1.012e-03 4.414e-03 8.360e-04 1.545e-02
10000 1.542e-03 8.120e-04 2.339e-03 4.128e-03 1.003e-03 4.414e-03 9.120e-04 1.603e-02
20000 3.479e-03 1.049e-03 4.712e-03 4.141e-03 1.006e-03 4.416e-03 1.698e-03 2.139e-02
30000 5.141e-03 1.349e-03 7.125e-03 4.134e-03 1.005e-03 4.421e-03 2.484e-03 2.656e-02
40000 6.792e-03 1.445e-03 9.561e-03 4.127e-03 9.980e-04 4.411e-03 3.271e-03 3.145e-02
50000 8.536e-03 1.794e-03 1.198e-02 4.141e-03 1.005e-03 4.415e-03 4.058e-03 3.682e-02
60000 1.062e-02 2.094e-03 1.427e-02 4.474e-03 1.078e-03 4.772e-03 4.916e-03 4.312e-02
70000 1.222e-02 2.362e-03 1.671e-02 4.472e-03 1.084e-03 4.776e-03 5.680e-03 4.821e-02
80000 1.397e-02 2.503e-03 1.919e-02 4.471e-03 1.087e-03 4.771e-03 6.455e-03 5.334e-02
90000 1.588e-02 2.755e-03 2.145e-02 4.465e-03 1.079e-03 4.776e-03 7.259e-03 5.857e-02
100000 1.760e-02 3.066e-03 2.389e-02 4.464e-03 1.082e-03 4.772e-03 8.084e-03 6.383e-02
200000 3.539e-02 5.952e-03 4.794e-02 4.466e-03 1.078e-03 4.770e-03 1.591e-02 1.164e-01
300000 5.123e-02 9.616e-03 7.214e-02 4.135e-03 1.012e-03 4.412e-03 2.300e-02 1.664e-01
400000 6.812e-02 1.416e-02 9.655e-02 4.135e-03 9.990e-04 4.412e-03 3.066e-02 2.199e-01
500000 8.524e-02 1.931e-02 1.208e-01 4.133e-03 9.990e-04 4.410e-03 3.828e-02 2.740e-01
