1000 1.780e-04 1.330e-04 1.250e-04 4.464e-03 1.085e-03 4.775e-03 8.400e-05 1.174e-02
2000 2.000e-04 2.650e-04 2.190e-04 4.459e-03 1.082e-03 4.774e-03 1.270e-04 1.201e-02
3000 2.170e-04 3.910e-04 2.750e-04 4.462e-03 1.076e-03 4.775e-03 1.720e-04 1.226e-02
4000 2.510e-04 3.980e-04 3.510e-04 4.458e-03 1.078e-03 4.770e-03 2.120e-04 1.240e-02
5000 2.660e-04 5.220e-04 4.310e-04 4.465e-03 1.082e-03 4.775e-03 2.590e-04 1.270e-02
6000 2.870e-04 5.340e-04 5.170e-04 4.466e-03 1.082e-03 4.775e-03 2.980e-04 1.287e-02
7000 3.420e-04 5.500e-04 5.950e-04 4.463e-03 1.087e-03 4.776e-03 3.400e-04 1.304e-02
8000 4.030e-04 4.630e-04 6.680e-04 4.564e-03 1.081e-03 4.768e-03 3.780e-04 1.321e-02
9000 4.050e-04 4.740e-04 7.540e-04 4.456e-03 1.083e-03 4.780e-03 4.230e-04 1.327e-02
10000 4.660e-04 5.220e-04 8.410e-04 4.461e-03 1.080e-03 4.776e-03 4.690e-04 1.351e-02
20000 9.440e-04 6.670e-04 1.670e-03 4.468e-03 1.082e-03 4.777e-03 8.960e-04 1.540e-02
30000 1.374e-03 9.430e-04 2.477e-03 4.468e-03 1.089e-03 4.779e-03 1.326e-03 1.736e-02
40000 1.742e-03 9.300e-04 3.358e-03 4.475e-03 1.085e-03 4.777e-03 1.766e-03 1.904e-02
50000 2.204e-03 1.131e-03 4.182e-03 4.684e-03 1.307e-03 4.801e-03 2.379e-03 2.158e-02
60000 2.667e-03 1.297e-03 5.026e-03 4.471e-03 1.084e-03 4.776e-03 2.652e-03 2.288e-02
70000 3.238e-03 1.425e-03 5.845e-03 4.466e-03 1.089e-03 4.774e-03 3.080e-03 2.484e-02
80000 3.521e-03 1.594e-03 6.734e-03 4.465e-03 1.086e-03 4.773e-03 3.512e-03 2.659e-02
90000 4.003e-03 1.660e-03 7.461e-03 4.469e-03 1.087e-03 4.773e-03 3.934e-03 2.824e-02
100000 4.373e-03 1.801e-03 8.402e-03 4.466e-03 1.082e-03 4.772e-03 4.318e-03 3.007e-02
200000 8.640e-03 3.314e-03 1.675e-02 4.464e-03 1.080e-03 4.770e-03 8.481e-03 4.836e-02
300000 1.302e-02 5.091e-03 2.553e-02 4.466e-03 1.085e-03 4.772e-03 1.270e-02 6.764e-02
400000 1.786e-02 7.049e-03 3.352e-02 4.467e-03 1.083e-03 4.784e-03 1.712e-02 8.690e-02
500000 2.232e-02 9.094e-03 4.173e-02 4.473e-03 1.082e-03 4.773e-03 2.093e-02 1.053e-01
