1000 7.920e-04 2.550e-04 4.620e-04 4.126e-03 1.006e-03 4.414e-03 2.140e-04 1.216e-02
2000 9.800e-04 7.960e-04 9.140e-04 4.129e-03 1.003e-03 4.413e-03 3.530e-04 1.348e-02
3000 1.114e-03 9.760e-04 1.361e-03 4.127e-03 1.002e-03 4.412e-03 5.080e-04 1.439e-02
4000 1.288e-03 9.750e-04 1.818e-03 4.670e-03 1.038e-03 4.531e-03 6.990e-04 1.592e-02
5000 1.470e-03 9.180e-04 2.271e-03 4.126e-03 1.005e-03 4.414e-03 8.420e-04 1.592e-02
6000 1.785e-03 9.700e-04 2.729e-03 4.132e-03 1.000e-03 4.414e-03 9.780e-04 1.688e-02
7000 2.536e-03 1.012e-03 3.151e-03 4.125e-03 1.001e-03 4.414e-03 1.171e-03 1.825e-02
8000 2.921e-03 1.148e-03 3.644e-03 4.462e-03 1.083e-03 4.776e-03 1.336e-03 2.025e-02
9000 3.298e-03 1.192e-03 4.089e-03 4.469e-03 1.082e-03 4.774e-03 1.466e-03 2.125e-02
10000 3.761e-03 1.471e-03 4.558e-03 4.462e-03 1.083e-03 4.784e-03 1.601e-03 2.261e-02
20000 8.475e-03 1.878e-03 9.096e-03 4.466e-03 1.084e-03 4.776e-03 3.060e-03 3.373e-02
30000 1.240e-02 2.238e-03 1.364e-02 4.467e-03 1.084e-03 4.779e-03 4.516e-03 4.403e-02
40000 1.686e-02 2.547e-03 1.820e-02 4.475e-03 1.089e-03 4.775e-03 5.880e-03 5.472e-02
50000 2.151e-02 2.960e-03 2.278e-02 4.468e-03 1.081e-03 4.775e-03 7.296e-03 6.578e-02
60000 2.557e-02 3.280e-03 2.726e-02 4.467e-03 1.086e-03 4.773e-03 8.674e-03 7.601e-02
70000 2.983e-02 3.601e-03 3.182e-02 4.466e-03 1.080e-03 4.778e-03 1.007e-02 8.651e-02
80000 3.440e-02 3.963e-03 3.644e-02 4.465e-03 1.083e-03 4.772e-03 1.141e-02 9.743e-02
90000 3.858e-02 4.386e-03 4.102e-02 4.463e-03 1.083e-03 4.771e-03 1.283e-02 1.080e-01
100000 4.277e-02 4.780e-03 4.547e-02 4.470e-03 1.082e-03 4.774e-03 1.422e-02 1.184e-01
200000 8.314e-02 9.455e-03 9.111e-02 4.131e-03 9.970e-04 4.409e-03 2.753e-02 2.216e-01
300000 1.240e-01 400000 500000 