1000 1.780e-04 1.300e-04 1.250e-04 4.459e-03 1.082e-03 4.778e-03 8.300e-05 1.172e-02
2000 1.970e-04 2.610e-04 2.000e-04 4.460e-03 1.088e-03 4.773e-03 1.280e-04 1.201e-02
3000 2.160e-04 3.900e-04 2.760e-04 4.467e-03 1.085e-03 4.776e-03 1.730e-04 1.228e-02
4000 2.520e-04 4.020e-04 3.570e-04 4.471e-03 1.084e-03 4.776e-03 2.180e-04 1.245e-02
5000 2.710e-04 5.150e-04 4.250e-04 4.458e-03 1.082e-03 4.774e-03 2.560e-04 1.267e-02
6000 2.940e-04 5.330e-04 5.200e-04 4.468e-03 1.084e-03 4.777e-03 2.980e-04 1.286e-02
7000 3.400e-04 5.520e-04 5.930e-04 4.461e-03 1.081e-03 4.775e-03 3.390e-04 1.302e-02
8000 3.660e-04 4.610e-04 6.840e-04 4.465e-03 1.085e-03 4.776e-03 3.810e-04 1.310e-02
9000 4.110e-04 4.880e-04 7.520e-04 4.459e-03 1.091e-03 4.772e-03 4.220e-04 1.328e-02
10000 4.880e-04 4.960e-04 8.340e-04 4.455e-03 1.079e-03 4.771e-03 4.650e-04 1.347e-02
20000 9.340e-04 6.710e-04 1.670e-03 4.462e-03 1.084e-03 4.775e-03 8.940e-04 1.538e-02
30000 1.377e-03 8.950e-04 2.498e-03 4.465e-03 1.082e-03 4.776e-03 1.329e-03 1.733e-02
40000 1.797e-03 9.300e-04 3.361e-03 5.586e-03 1.596e-03 5.074e-03 1.876e-03 2.112e-02
50000 2.201e-03 1.126e-03 4.191e-03 4.469e-03 1.081e-03 4.777e-03 2.233e-03 2.098e-02
60000 2.682e-03 1.313e-03 5.001e-03 4.480e-03 1.085e-03 4.793e-03 2.664e-03 2.293e-02
70000 3.098e-03 1.319e-03 5.834e-03 4.464e-03 1.080e-03 4.773e-03 3.110e-03 2.454e-02
80000 3.495e-03 1.581e-03 6.736e-03 4.475e-03 1.089e-03 4.778e-03 3.493e-03 2.655e-02
90000 4.041e-03 1.677e-03 7.521e-03 4.474e-03 1.081e-03 4.769e-03 3.892e-03 2.831e-02
100000 4.404e-03 1.812e-03 8.385e-03 4.468e-03 1.083e-03 4.773e-03 4.321e-03 3.011e-02
200000 8.632e-03 4.003e-03 1.694e-02 4.469e-03 1.081e-03 4.773e-03 9.618e-03 5.045e-02
300000 1.297e-02 5.072e-03 2.511e-02 4.469e-03 1.083e-03 4.773e-03 1.263e-02 6.697e-02
400000 1.792e-02 7.050e-03 3.351e-02 4.469e-03 1.083e-03 4.773e-03 1.679e-02 8.645e-02
500000 2.244e-02 9.063e-03 4.185e-02 4.465e-03 1.088e-03 4.770e-03 2.093e-02 1.055e-01
