1000 1.690e-04 4.430e-04 1.110e-04 2.870e-04 9.300e-05 2.070e-04 7.400e-05 1.590e-03
2000 1.950e-04 3.810e-04 1.710e-04 2.890e-04 9.400e-05 2.240e-04 1.150e-04 1.670e-03
3000 2.190e-04 3.710e-04 2.360e-04 2.900e-04 9.400e-05 2.160e-04 1.560e-04 1.780e-03
4000 2.470e-04 3.870e-04 3.000e-04 2.890e-04 9.400e-05 2.140e-04 1.980e-04 1.932e-03
5000 2.700e-04 3.940e-04 3.620e-04 2.850e-04 9.300e-05 2.150e-04 2.390e-04 2.058e-03
6000 2.930e-04 4.050e-04 4.290e-04 2.870e-04 9.800e-05 2.110e-04 2.830e-04 2.204e-03
7000 3.380e-04 3.210e-04 4.930e-04 2.820e-04 9.500e-05 2.130e-04 3.240e-04 2.267e-03
8000 3.580e-04 4.420e-04 5.580e-04 2.920e-04 9.300e-05 2.160e-04 3.660e-04 2.523e-03
9000 3.910e-04 4.580e-04 6.230e-04 2.950e-04 9.800e-05 2.140e-04 4.080e-04 2.685e-03
10000 4.620e-04 5.090e-04 6.870e-04 2.960e-04 9.100e-05 2.160e-04 4.480e-04 2.915e-03
20000 9.410e-04 8.300e-04 1.334e-03 3.040e-04 9.300e-05 2.240e-04 8.840e-04 4.814e-03
30000 1.397e-03 1.136e-03 1.982e-03 2.990e-04 9.400e-05 2.130e-04 1.306e-03 6.633e-03
40000 1.752e-03 1.570e-03 2.635e-03 3.060e-04 9.200e-05 2.220e-04 1.752e-03 8.547e-03
50000 2.202e-03 1.970e-03 3.264e-03 3.100e-04 9.700e-05 2.190e-04 2.210e-03 1.049e-02
60000 2.678e-03 2.462e-03 3.882e-03 3.010e-04 9.300e-05 2.200e-04 2.596e-03 1.245e-02
70000 3.039e-03 2.812e-03 4.519e-03 3.000e-04 9.400e-05 2.140e-04 3.047e-03 1.424e-02
80000 3.486e-03 3.339e-03 5.148e-03 3.050e-04 9.400e-05 2.240e-04 3.479e-03 1.629e-02
90000 4.009e-03 3.875e-03 6.016e-03 3.070e-04 9.500e-05 2.270e-04 3.883e-03 1.863e-02
100000 4.364e-03 4.309e-03 6.434e-03 3.110e-04 9.300e-05 2.230e-04 4.327e-03 2.029e-02
200000 8.812e-03 9.485e-03 1.273e-02 2.400e-04 9.200e-05 1.640e-04 8.411e-03 4.015e-02
300000 1.332e-02 1.493e-02 1.903e-02 2.470e-04 9.000e-05 1.730e-04 1.254e-02 6.050e-02
400000 1.742e-02 2.033e-02 2.533e-02 2.400e-04 9.300e-05 1.700e-04 1.670e-02 8.046e-02
500000 2.238e-02 2.580e-02 3.159e-02 2.550e-04 9.400e-05 1.730e-04 2.082e-02 1.013e-01
