1000 1.650e-04 4.430e-04 1.070e-04 2.850e-04 9.200e-05 2.100e-04 7.300e-05 1.578e-03
2000 1.860e-04 3.650e-04 1.640e-04 2.850e-04 9.200e-05 2.110e-04 1.090e-04 1.608e-03
3000 2.030e-04 3.620e-04 2.270e-04 2.830e-04 9.200e-05 2.120e-04 1.500e-04 1.724e-03
4000 2.370e-04 3.790e-04 2.860e-04 2.890e-04 9.100e-05 2.100e-04 1.900e-04 1.878e-03
5000 2.540e-04 3.850e-04 3.480e-04 2.860e-04 9.100e-05 2.190e-04 2.290e-04 2.011e-03
6000 3.090e-04 3.960e-04 4.080e-04 2.840e-04 9.300e-05 2.130e-04 2.700e-04 2.177e-03
7000 3.170e-04 3.090e-04 4.700e-04 2.820e-04 9.300e-05 2.120e-04 3.090e-04 2.198e-03
8000 3.370e-04 4.380e-04 5.290e-04 2.950e-04 9.400e-05 2.130e-04 3.470e-04 2.451e-03
9000 3.820e-04 4.430e-04 5.950e-04 2.860e-04 8.900e-05 2.150e-04 3.890e-04 2.600e-03
10000 4.390e-04 4.950e-04 6.530e-04 2.940e-04 9.100e-05 2.120e-04 4.290e-04 2.812e-03
20000 9.330e-04 7.380e-04 1.270e-03 2.330e-04 9.000e-05 1.630e-04 8.320e-04 4.422e-03
30000 1.334e-03 1.107e-03 1.886e-03 2.930e-04 9.100e-05 2.140e-04 1.973e-03 7.112e-03
40000 1.701e-03 1.525e-03 2.500e-03 2.990e-04 9.000e-05 2.220e-04 1.653e-03 8.203e-03
50000 2.149e-03 1.915e-03 3.086e-03 3.010e-04 9.100e-05 2.250e-04 2.072e-03 1.005e-02
60000 2.617e-03 2.407e-03 3.700e-03 3.080e-04 9.100e-05 2.180e-04 2.493e-03 1.205e-02
70000 2.957e-03 2.725e-03 4.312e-03 3.060e-04 9.000e-05 2.200e-04 2.891e-03 1.372e-02
80000 3.362e-03 3.236e-03 4.905e-03 3.080e-04 9.100e-05 2.240e-04 3.293e-03 1.564e-02
90000 3.855e-03 3.775e-03 6.093e-03 3.120e-04 9.100e-05 2.190e-04 3.688e-03 1.825e-02
100000 4.258e-03 4.170e-03 6.122e-03 3.110e-04 9.300e-05 2.160e-04 4.085e-03 1.947e-02
200000 8.558e-03 9.327e-03 1.212e-02 2.430e-04 9.000e-05 1.700e-04 8.034e-03 3.875e-02
300000 1.285e-02 1.441e-02 1.809e-02 2.430e-04 8.800e-05 1.820e-04 1.192e-02 5.795e-02
400000 1.704e-02 1.963e-02 2.413e-02 2.440e-04 8.800e-05 1.630e-04 1.586e-02 7.733e-02
500000 2.182e-02 2.501e-02 3.010e-02 2.480e-04 9.100e-05 1.610e-04 1.985e-02 9.745e-02
