1000 3.760e-04 5.170e-04 2.240e-04 2.900e-04 8.800e-05 2.120e-04 9.900e-05 2.003e-03
2000 4.310e-04 4.840e-04 4.130e-04 2.830e-04 9.200e-05 2.160e-04 1.650e-04 2.282e-03
3000 5.110e-04 4.920e-04 5.950e-04 2.920e-04 8.600e-05 2.090e-04 2.320e-04 2.615e-03
4000 5.670e-04 5.010e-04 7.800e-04 2.860e-04 8.800e-05 2.090e-04 3.000e-04 2.928e-03
5000 6.690e-04 6.350e-04 9.700e-04 2.880e-04 8.900e-05 2.100e-04 3.640e-04 3.423e-03
6000 8.270e-04 8.120e-04 1.251e-03 2.920e-04 9.500e-05 2.140e-04 4.630e-04 4.155e-03
7000 1.104e-03 8.480e-04 1.460e-03 2.900e-04 9.300e-05 2.150e-04 5.380e-04 4.746e-03
8000 1.247e-03 8.700e-04 1.654e-03 2.910e-04 9.300e-05 2.230e-04 6.090e-04 5.192e-03
9000 1.496e-03 8.990e-04 1.860e-03 3.010e-04 9.500e-05 2.150e-04 6.820e-04 5.746e-03
10000 1.644e-03 1.028e-03 2.067e-03 2.930e-04 9.200e-05 2.140e-04 7.510e-04 6.286e-03
20000 3.662e-03 1.545e-03 4.042e-03 3.030e-04 9.300e-05 2.170e-04 1.480e-03 1.155e-02
30000 5.277e-03 2.673e-03 6.001e-03 3.010e-04 9.700e-05 2.200e-04 2.212e-03 1.699e-02
40000 7.038e-03 4.225e-03 7.961e-03 3.050e-04 9.400e-05 2.210e-04 2.974e-03 2.304e-02
50000 8.790e-03 5.519e-03 9.930e-03 3.100e-04 9.700e-05 2.160e-04 3.670e-03 2.875e-02
60000 1.066e-02 7.407e-03 1.188e-02 3.000e-04 9.200e-05 2.260e-04 4.398e-03 3.518e-02
70000 1.239e-02 8.817e-03 1.385e-02 2.660e-04 9.200e-05 1.800e-04 5.095e-03 4.086e-02
80000 1.410e-02 1.051e-02 1.583e-02 2.680e-04 9.000e-05 1.870e-04 5.782e-03 4.694e-02
90000 1.595e-02 1.246e-02 1.776e-02 3.030e-04 9.800e-05 2.140e-04 6.549e-03 5.356e-02
100000 1.750e-02 1.416e-02 1.975e-02 3.070e-04 9.700e-05 2.260e-04 7.193e-03 5.945e-02
200000 3.544e-02 3.299e-02 3.935e-02 2.640e-04 9.400e-05 1.870e-04 1.427e-02 1.228e-01
300000 5.110e-02 4.997e-02 5.439e-02 2.380e-04 8.500e-05 1.630e-04 1.948e-02 1.756e-01
400000 6.807e-02 6.863e-02 7.251e-02 2.650e-04 8.700e-05 1.860e-04 2.590e-02 2.358e-01
500000 8.558e-02 