1000 1.560e-04 4.300e-04 1.030e-04 2.850e-04 9.000e-05 2.130e-04 6.900e-05 1.544e-03
2000 1.750e-04 3.590e-04 1.610e-04 2.830e-04 8.700e-05 2.070e-04 1.060e-04 1.575e-03
3000 1.940e-04 3.560e-04 2.180e-04 2.900e-04 9.300e-05 2.150e-04 1.440e-04 1.708e-03
4000 2.220e-04 3.740e-04 2.770e-04 2.850e-04 8.900e-05 2.080e-04 1.840e-04 1.836e-03
5000 2.470e-04 3.770e-04 3.380e-04 2.890e-04 8.800e-05 2.070e-04 2.200e-04 1.961e-03
6000 2.610e-04 3.840e-04 3.980e-04 2.820e-04 8.900e-05 2.120e-04 2.570e-04 2.079e-03
7000 3.070e-04 3.030e-04 4.520e-04 2.850e-04 9.200e-05 2.080e-04 2.990e-04 2.149e-03
8000 3.310e-04 4.320e-04 5.150e-04 2.850e-04 8.700e-05 2.080e-04 3.370e-04 2.392e-03
9000 3.700e-04 4.340e-04 5.730e-04 2.920e-04 9.200e-05 2.120e-04 3.740e-04 2.545e-03
10000 4.270e-04 4.850e-04 6.360e-04 2.940e-04 8.800e-05 2.100e-04 4.130e-04 2.750e-03
20000 8.790e-04 7.740e-04 1.229e-03 2.980e-04 9.100e-05 2.230e-04 8.050e-04 4.501e-03
30000 1.325e-03 1.027e-03 1.833e-03 2.440e-04 8.600e-05 1.800e-04 1.198e-03 6.058e-03
40000 1.664e-03 1.483e-03 2.427e-03 3.010e-04 9.000e-05 2.160e-04 1.595e-03 7.987e-03
50000 2.104e-03 1.833e-03 3.000e-03 2.600e-04 8.500e-05 1.800e-04 1.994e-03 9.627e-03
60000 2.545e-03 2.322e-03 3.581e-03 3.060e-04 8.900e-05 2.210e-04 2.385e-03 1.167e-02
70000 3.035e-03 2.821e-03 4.527e-03 3.030e-04 9.300e-05 2.260e-04 3.029e-03 1.426e-02
80000 3.480e-03 3.326e-03 5.162e-03 3.070e-04 9.300e-05 2.180e-04 3.455e-03 1.626e-02
90000 3.956e-03 3.882e-03 5.763e-03 3.040e-04 9.400e-05 2.200e-04 3.878e-03 1.832e-02
100000 4.326e-03 4.321e-03 6.445e-03 3.060e-04 9.600e-05 2.240e-04 4.306e-03 2.024e-02
200000 8.796e-03 9.588e-03 1.273e-02 3.020e-04 9.800e-05 2.130e-04 8.424e-03 4.036e-02
300000 1.329e-02 1.491e-02 1.902e-02 2.530e-04 9.100e-05 1.750e-04 1.256e-02 6.048e-02
400000 1.748e-02 2.021e-02 2.661e-02 2.550e-04 9.400e-05 1.860e-04 1.739e-02 8.240e-02
500000 2.279e-02 2.578e-02 3.163e-02 2.390e-04 9.100e-05 1.720e-04 2.058e-02 1.015e-01
