1000 3.740e-04 5.160e-04 2.230e-04 2.940e-04 8.800e-05 2.140e-04 1.010e-04 2.006e-03
2000 4.290e-04 4.850e-04 4.090e-04 2.840e-04 9.100e-05 2.180e-04 1.650e-04 2.286e-03
3000 5.500e-04 4.900e-04 5.920e-04 2.910e-04 8.900e-05 2.190e-04 2.330e-04 2.661e-03
4000 5.670e-04 4.970e-04 7.770e-04 2.910e-04 8.900e-05 2.110e-04 2.990e-04 2.933e-03
5000 7.000e-04 6.010e-04 9.670e-04 2.300e-04 8.400e-05 1.670e-04 3.590e-04 3.259e-03
6000 7.990e-04 7.650e-04 1.154e-03 2.920e-04 8.700e-05 2.130e-04 4.260e-04 3.939e-03
7000 1.040e-03 7.990e-04 1.343e-03 2.840e-04 8.700e-05 2.060e-04 4.950e-04 4.453e-03
8000 1.181e-03 8.330e-04 1.529e-03 2.890e-04 8.900e-05 2.140e-04 5.610e-04 4.898e-03
9000 1.387e-03 8.590e-04 1.711e-03 2.890e-04 9.500e-05 2.060e-04 6.250e-04 5.371e-03
10000 1.550e-03 9.630e-04 1.920e-03 2.940e-04 9.000e-05 2.110e-04 6.910e-04 5.919e-03
20000 3.514e-03 1.456e-03 3.704e-03 2.950e-04 9.000e-05 2.170e-04 1.362e-03 1.084e-02
30000 5.045e-03 2.573e-03 5.502e-03 2.980e-04 8.900e-05 2.220e-04 2.045e-03 1.599e-02
40000 6.783e-03 4.011e-03 7.350e-03 3.020e-04 9.100e-05 2.200e-04 2.734e-03 2.171e-02
50000 8.497e-03 5.285e-03 9.190e-03 3.030e-04 8.800e-05 2.140e-04 3.396e-03 2.719e-02
60000 1.025e-02 7.052e-03 1.097e-02 3.010e-04 8.900e-05 2.140e-04 4.034e-03 3.312e-02
70000 1.221e-02 8.962e-03 1.384e-02 3.030e-04 9.200e-05 2.180e-04 5.087e-03 4.094e-02
80000 1.407e-02 1.060e-02 1.584e-02 3.050e-04 9.800e-05 2.160e-04 5.782e-03 4.714e-02
90000 1.589e-02 1.243e-02 1.774e-02 3.140e-04 9.500e-05 2.170e-04 6.490e-03 5.339e-02
100000 1.754e-02 1.415e-02 1.975e-02 3.050e-04 9.600e-05 2.210e-04 7.200e-03 5.948e-02
200000 3.537e-02 3.290e-02 3.940e-02 2.590e-04 9.200e-05 1.810e-04 1.424e-02 1.227e-01
300000 5.138e-02 4.990e-02 5.444e-02 2.560e-04 8.900e-05 1.850e-04 1.948e-02 1.759e-01
400000 6.816e-02 6.851e-02 7.252e-02 2.390e-04 8.800e-05 1.680e-04 2.596e-02 2.358e-01
500000 8.540e-02 