1000 1.580e-04 4.410e-04 1.030e-04 2.850e-04 9.300e-05 2.120e-04 6.800e-05 1.553e-03
2000 1.750e-04 3.570e-04 1.600e-04 2.850e-04 9.100e-05 2.120e-04 1.070e-04 1.585e-03
3000 1.970e-04 3.550e-04 2.170e-04 2.880e-04 9.000e-05 2.090e-04 1.450e-04 1.696e-03
4000 2.230e-04 3.770e-04 2.770e-04 2.850e-04 9.000e-05 2.130e-04 1.830e-04 1.849e-03
5000 2.430e-04 3.750e-04 3.380e-04 2.860e-04 8.800e-05 2.090e-04 2.210e-04 1.963e-03
6000 2.670e-04 3.870e-04 3.970e-04 2.860e-04 9.300e-05 2.120e-04 2.580e-04 2.099e-03
7000 3.100e-04 3.070e-04 4.530e-04 2.810e-04 8.900e-05 2.160e-04 2.990e-04 2.151e-03
8000 3.230e-04 4.220e-04 5.190e-04 2.820e-04 8.700e-05 2.140e-04 3.380e-04 2.389e-03
9000 3.670e-04 4.340e-04 5.740e-04 2.850e-04 9.000e-05 2.170e-04 3.740e-04 2.544e-03
10000 4.300e-04 4.830e-04 6.360e-04 2.850e-04 9.000e-05 2.060e-04 4.110e-04 2.740e-03
20000 8.950e-04 7.700e-04 1.232e-03 2.880e-04 9.200e-05 2.080e-04 8.060e-04 4.494e-03
30000 1.289e-03 1.087e-03 1.834e-03 2.940e-04 8.700e-05 2.140e-04 1.194e-03 6.205e-03
40000 1.661e-03 1.486e-03 2.414e-03 3.010e-04 9.000e-05 2.130e-04 1.606e-03 7.986e-03
50000 2.071e-03 1.874e-03 2.991e-03 3.070e-04 8.800e-05 2.180e-04 1.997e-03 9.764e-03
60000 2.530e-03 2.328e-03 3.570e-03 3.020e-04 8.800e-05 2.210e-04 2.382e-03 1.164e-02
70000 2.912e-03 2.656e-03 4.159e-03 3.090e-04 8.900e-05 2.190e-04 2.774e-03 1.335e-02
80000 3.339e-03 3.135e-03 4.748e-03 3.050e-04 8.900e-05 2.150e-04 3.160e-03 1.521e-02
90000 3.748e-03 3.712e-03 5.314e-03 3.010e-04 9.100e-05 2.150e-04 3.548e-03 1.715e-02
100000 4.099e-03 4.105e-03 5.926e-03 2.990e-04 8.700e-05 2.180e-04 3.940e-03 1.890e-02
200000 8.353e-03 9.087e-03 1.173e-02 2.480e-04 8.900e-05 1.820e-04 7.716e-03 3.762e-02
300000 1.266e-02 1.421e-02 1.751e-02 2.380e-04 8.600e-05 1.780e-04 1.151e-02 5.656e-02
400000 1.664e-02 1.928e-02 2.332e-02 2.410e-04 8.700e-05 1.770e-04 1.533e-02 7.524e-02
500000 2.141e-02 2.444e-02 2.909e-02 2.550e-04 8.700e-05 1.610e-04 1.904e-02 9.466e-02
