1000 3.750e-04 5.150e-04 2.250e-04 2.910e-04 9.000e-05 2.140e-04 1.000e-04 2.007e-03
2000 4.340e-04 4.890e-04 4.100e-04 2.850e-04 8.800e-05 2.060e-04 1.690e-04 2.274e-03
3000 5.150e-04 4.930e-04 5.950e-04 2.800e-04 9.000e-05 2.130e-04 2.330e-04 2.614e-03
4000 5.700e-04 4.990e-04 7.780e-04 2.860e-04 8.900e-05 2.150e-04 2.990e-04 2.930e-03
5000 6.640e-04 6.330e-04 9.700e-04 2.820e-04 8.800e-05 2.140e-04 3.630e-04 3.410e-03
6000 7.830e-04 7.660e-04 1.155e-03 2.920e-04 8.800e-05 2.130e-04 4.280e-04 3.923e-03
7000 1.022e-03 7.980e-04 1.357e-03 2.810e-04 8.700e-05 2.110e-04 4.950e-04 4.452e-03
8000 1.189e-03 8.310e-04 1.527e-03 2.840e-04 9.000e-05 2.160e-04 5.610e-04 4.899e-03
9000 1.428e-03 8.200e-04 1.708e-03 2.280e-04 8.600e-05 1.610e-04 6.250e-04 5.211e-03
10000 1.560e-03 9.700e-04 1.906e-03 2.870e-04 9.100e-05 2.110e-04 6.900e-04 5.912e-03
20000 3.521e-03 1.454e-03 3.894e-03 4.310e-04 1.180e-04 2.390e-04 1.358e-03 1.123e-02
30000 5.113e-03 2.585e-03 5.510e-03 2.900e-04 8.800e-05 2.130e-04 2.036e-03 1.605e-02
40000 6.750e-03 4.019e-03 7.341e-03 3.020e-04 8.800e-05 2.170e-04 2.724e-03 2.166e-02
50000 8.465e-03 5.294e-03 9.150e-03 3.010e-04 8.800e-05 2.230e-04 3.387e-03 2.712e-02
60000 1.020e-02 7.068e-03 1.096e-02 3.100e-04 9.200e-05 2.150e-04 4.024e-03 3.309e-02
70000 1.189e-02 8.530e-03 1.319e-02 3.060e-04 8.800e-05 2.170e-04 4.647e-03 3.908e-02
80000 1.350e-02 1.016e-02 1.459e-02 3.060e-04 9.100e-05 2.230e-04 5.306e-03 4.439e-02
90000 1.534e-02 1.195e-02 1.642e-02 3.040e-04 9.100e-05 2.160e-04 5.967e-03 5.049e-02
100000 1.699e-02 1.362e-02 1.822e-02 3.090e-04 9.200e-05 2.240e-04 6.611e-03 5.627e-02
200000 3.407e-02 3.170e-02 3.632e-02 2.440e-04 8.600e-05 1.670e-04 1.308e-02 1.159e-01
300000 5.139e-02 5.022e-02 5.446e-02 2.310e-04 8.600e-05 1.620e-04 1.950e-02 1.762e-01
400000 6.829e-02 6.857e-02 7.253e-02 2.410e-04 8.500e-05 1.680e-04 2.595e-02 2.360e-01
500000 8.516e-02 