1000 3.750e-04 5.140e-04 2.250e-04 2.860e-04 8.700e-05 2.090e-04 1.000e-04 1.992e-03
2000 4.310e-04 4.880e-04 4.110e-04 2.920e-04 9.200e-05 2.090e-04 1.620e-04 2.281e-03
3000 5.150e-04 4.970e-04 5.930e-04 2.870e-04 8.700e-05 2.120e-04 2.320e-04 2.617e-03
4000 5.680e-04 5.010e-04 7.790e-04 2.900e-04 8.900e-05 2.070e-04 2.940e-04 2.923e-03
5000 6.660e-04 6.320e-04 9.680e-04 2.840e-04 9.000e-05 2.090e-04 3.640e-04 3.413e-03
6000 7.700e-04 7.640e-04 1.154e-03 2.860e-04 9.200e-05 2.040e-04 4.260e-04 3.893e-03
7000 1.024e-03 8.020e-04 1.433e-03 2.890e-04 8.800e-05 2.120e-04 4.930e-04 4.539e-03
8000 1.181e-03 8.260e-04 1.533e-03 2.900e-04 8.700e-05 2.080e-04 5.640e-04 4.892e-03
9000 1.386e-03 8.600e-04 1.714e-03 2.800e-04 8.700e-05 2.170e-04 6.270e-04 5.369e-03
10000 1.555e-03 9.700e-04 1.912e-03 2.880e-04 8.700e-05 2.160e-04 6.890e-04 5.920e-03
20000 3.482e-03 1.454e-03 3.702e-03 2.960e-04 8.700e-05 2.210e-04 1.360e-03 1.080e-02
30000 5.106e-03 2.579e-03 5.528e-03 2.920e-04 8.900e-05 2.090e-04 2.044e-03 1.606e-02
40000 6.806e-03 4.013e-03 7.351e-03 2.930e-04 9.000e-05 2.140e-04 2.750e-03 2.173e-02
50000 8.490e-03 5.277e-03 9.155e-03 3.010e-04 8.900e-05 2.080e-04 3.361e-03 2.710e-02
60000 1.024e-02 7.051e-03 1.095e-02 3.010e-04 8.700e-05 2.140e-04 4.039e-03 3.310e-02
70000 1.185e-02 8.503e-03 1.278e-02 3.030e-04 8.900e-05 2.240e-04 4.699e-03 3.866e-02
80000 1.348e-02 1.018e-02 1.459e-02 3.100e-04 8.900e-05 2.130e-04 5.295e-03 4.438e-02
90000 1.533e-02 1.192e-02 1.724e-02 2.410e-04 8.700e-05 1.620e-04 6.070e-03 5.123e-02
100000 1.690e-02 1.357e-02 1.822e-02 3.070e-04 8.900e-05 2.460e-04 6.614e-03 5.617e-02
200000 3.402e-02 3.171e-02 3.637e-02 2.350e-04 8.400e-05 1.680e-04 1.308e-02 1.159e-01
300000 5.093e-02 5.020e-02 5.452e-02 2.340e-04 8.500e-05 1.620e-04 1.948e-02 1.758e-01
400000 6.709e-02 6.875e-02 7.400e-02 2.420e-04 8.900e-05 1.620e-04 2.646e-02 2.370e-01
500000 8.607e-02 