1000 3.780e-04 5.150e-04 2.230e-04 2.860e-04 8.600e-05 2.120e-04 1.010e-04 1.993e-03
2000 4.330e-04 4.830e-04 4.110e-04 3.030e-04 8.800e-05 2.130e-04 1.670e-04 2.295e-03
3000 5.160e-04 4.920e-04 5.960e-04 2.840e-04 8.700e-05 2.120e-04 2.320e-04 2.614e-03
4000 5.670e-04 5.000e-04 7.770e-04 2.910e-04 8.800e-05 2.100e-04 2.960e-04 2.928e-03
5000 6.520e-04 6.390e-04 9.710e-04 2.830e-04 9.300e-05 2.160e-04 3.630e-04 3.416e-03
6000 7.690e-04 7.660e-04 1.152e-03 2.870e-04 8.900e-05 2.080e-04 4.270e-04 3.905e-03
7000 1.076e-03 8.030e-04 1.346e-03 2.950e-04 8.800e-05 2.090e-04 4.940e-04 4.511e-03
8000 1.180e-03 8.270e-04 1.529e-03 2.850e-04 8.900e-05 2.080e-04 5.580e-04 4.870e-03
9000 1.385e-03 8.570e-04 1.709e-03 2.840e-04 8.700e-05 2.120e-04 6.260e-04 5.360e-03
10000 1.574e-03 9.730e-04 1.906e-03 2.850e-04 8.700e-05 2.180e-04 6.930e-04 5.932e-03
20000 3.499e-03 1.449e-03 3.702e-03 2.870e-04 8.700e-05 2.140e-04 1.363e-03 1.080e-02
30000 5.120e-03 2.580e-03 5.523e-03 3.000e-04 8.700e-05 2.140e-04 2.029e-03 1.606e-02
40000 6.825e-03 4.016e-03 7.357e-03 3.030e-04 8.800e-05 2.180e-04 2.737e-03 2.176e-02
50000 8.490e-03 5.283e-03 9.156e-03 3.020e-04 8.900e-05 2.190e-04 3.369e-03 2.712e-02
60000 1.027e-02 7.017e-03 1.095e-02 3.080e-04 9.000e-05 2.220e-04 4.030e-03 3.312e-02
70000 1.212e-02 8.514e-03 1.275e-02 3.070e-04 8.900e-05 2.160e-04 4.668e-03 3.888e-02
80000 1.354e-02 1.017e-02 1.458e-02 3.090e-04 8.600e-05 2.160e-04 5.307e-03 4.442e-02
90000 1.540e-02 1.195e-02 1.639e-02 3.080e-04 8.900e-05 2.250e-04 5.963e-03 5.053e-02
100000 1.692e-02 1.362e-02 1.819e-02 3.000e-04 8.800e-05 2.210e-04 6.631e-03 5.620e-02
200000 3.411e-02 3.162e-02 3.633e-02 2.440e-04 8.600e-05 1.580e-04 1.306e-02 1.158e-01
300000 5.146e-02 4.999e-02 5.443e-02 2.430e-04 8.600e-05 1.830e-04 1.948e-02 1.761e-01
400000 6.823e-02 6.808e-02 7.276e-02 2.450e-04 8.900e-05 1.550e-04 2.593e-02 2.357e-01
500000 8.543e-02 