1000 1.570e-04 4.340e-04 1.040e-04 2.840e-04 9.100e-05 2.130e-04 6.800e-05 1.547e-03
2000 1.740e-04 3.630e-04 1.610e-04 2.850e-04 8.600e-05 2.150e-04 1.050e-04 1.588e-03
3000 1.940e-04 3.560e-04 2.180e-04 2.950e-04 8.700e-05 2.120e-04 1.450e-04 1.708e-03
4000 2.260e-04 3.730e-04 2.790e-04 2.890e-04 9.200e-05 2.100e-04 1.830e-04 1.853e-03
5000 2.430e-04 4.390e-04 3.390e-04 2.880e-04 8.900e-05 2.080e-04 2.200e-04 2.024e-03
6000 2.640e-04 3.950e-04 3.980e-04 2.840e-04 8.900e-05 2.100e-04 2.590e-04 2.094e-03
7000 3.060e-04 3.040e-04 4.540e-04 2.880e-04 8.800e-05 2.100e-04 2.980e-04 2.146e-03
8000 3.250e-04 4.220e-04 5.150e-04 2.880e-04 8.700e-05 2.110e-04 3.370e-04 2.383e-03
9000 3.640e-04 4.360e-04 5.750e-04 2.850e-04 8.700e-05 2.100e-04 3.750e-04 2.528e-03
10000 4.240e-04 4.980e-04 6.370e-04 2.890e-04 9.200e-05 2.090e-04 4.130e-04 2.757e-03
20000 8.820e-04 7.690e-04 1.234e-03 2.900e-04 8.900e-05 2.110e-04 8.020e-04 4.479e-03
30000 1.293e-03 1.141e-03 1.826e-03 3.050e-04 8.700e-05 2.180e-04 1.196e-03 6.275e-03
40000 1.672e-03 1.490e-03 2.416e-03 2.990e-04 9.100e-05 2.130e-04 1.598e-03 7.993e-03
50000 2.079e-03 1.902e-03 3.008e-03 3.070e-04 9.000e-05 2.160e-04 1.993e-03 9.810e-03
60000 2.528e-03 2.344e-03 3.569e-03 3.050e-04 8.800e-05 2.170e-04 2.384e-03 1.165e-02
70000 2.850e-03 2.706e-03 4.159e-03 3.020e-04 8.800e-05 2.140e-04 2.787e-03 1.333e-02
80000 3.301e-03 3.161e-03 4.758e-03 3.000e-04 9.100e-05 2.180e-04 3.170e-03 1.521e-02
90000 3.748e-03 3.876e-03 5.529e-03 3.050e-04 8.700e-05 2.170e-04 3.549e-03 1.753e-02
100000 4.112e-03 4.098e-03 5.898e-03 3.030e-04 8.800e-05 2.170e-04 3.927e-03 1.886e-02
200000 8.386e-03 9.106e-03 1.175e-02 3.000e-04 8.800e-05 2.140e-04 7.726e-03 3.779e-02
300000 1.258e-02 1.415e-02 1.751e-02 2.290e-04 8.900e-05 1.660e-04 1.151e-02 5.640e-02
400000 1.660e-02 1.926e-02 2.334e-02 2.430e-04 8.600e-05 1.660e-04 1.533e-02 7.519e-02
500000 2.133e-02 2.450e-02 2.910e-02 2.480e-04 8.900e-05 1.760e-04 1.906e-02 9.468e-02
