1000 1.610e-04 2.190e-04 1.130e-04 6.000e-04 1.750e-04 5.570e-04 7.700e-05 2.178e-03
2000 1.800e-04 3.270e-04 1.820e-04 6.000e-04 1.750e-04 5.600e-04 1.150e-04 2.425e-03
3000 1.960e-04 4.580e-04 2.470e-04 5.950e-04 1.740e-04 5.620e-04 1.570e-04 2.667e-03
4000 2.260e-04 3.660e-04 3.150e-04 6.080e-04 1.750e-04 5.590e-04 1.960e-04 2.728e-03
5000 2.470e-04 4.900e-04 3.980e-04 5.880e-04 1.740e-04 5.570e-04 2.330e-04 2.964e-03
6000 2.600e-04 3.980e-04 4.540e-04 5.920e-04 1.740e-04 5.650e-04 2.710e-04 3.001e-03
7000 3.110e-04 4.110e-04 5.390e-04 6.010e-04 1.750e-04 5.600e-04 3.120e-04 3.187e-03
8000 3.290e-04 4.240e-04 6.100e-04 5.990e-04 1.760e-04 5.580e-04 3.490e-04 3.330e-03
9000 3.840e-04 4.420e-04 6.690e-04 6.000e-04 1.740e-04 5.570e-04 3.880e-04 3.495e-03
10000 4.290e-04 5.770e-04 7.470e-04 5.990e-04 1.740e-04 5.600e-04 4.260e-04 3.793e-03
20000 8.570e-04 7.220e-04 1.496e-03 6.040e-04 1.750e-04 5.610e-04 8.230e-04 5.523e-03
30000 1.287e-03 8.520e-04 2.255e-03 6.050e-04 1.750e-04 5.630e-04 1.232e-03 7.263e-03
40000 1.623e-03 9.950e-04 2.981e-03 6.120e-04 1.750e-04 5.610e-04 1.631e-03 8.873e-03
50000 2.056e-03 1.155e-03 3.713e-03 6.110e-04 1.740e-04 5.620e-04 2.051e-03 1.062e-02
60000 2.516e-03 1.266e-03 4.511e-03 6.020e-04 1.720e-04 5.520e-04 2.437e-03 1.231e-02
70000 2.867e-03 1.494e-03 5.240e-03 6.130e-04 1.750e-04 5.610e-04 2.809e-03 1.406e-02
80000 3.238e-03 1.744e-03 6.034e-03 6.260e-04 1.740e-04 5.640e-04 3.186e-03 1.587e-02
90000 3.685e-03 2.001e-03 6.859e-03 6.120e-04 1.740e-04 5.650e-04 3.616e-03 1.781e-02
100000 4.106e-03 2.246e-03 7.531e-03 6.110e-04 1.740e-04 5.600e-04 3.958e-03 1.948e-02
200000 8.334e-03 5.047e-03 1.508e-02 6.020e-04 1.720e-04 5.520e-04 7.782e-03 3.787e-02
300000 1.262e-02 8.320e-03 2.259e-02 5.890e-04 1.730e-04 5.570e-04 1.158e-02 5.668e-02
400000 1.704e-02 1.232e-02 3.030e-02 5.990e-04 1.730e-04 5.540e-04 1.542e-02 7.666e-02
500000 2.102e-02 1.696e-02 3.797e-02 5.980e-04 1.720e-04 5.520e-04 1.922e-02 9.676e-02
