1000 3.770e-04 4.840e-04 2.380e-04 5.980e-04 1.740e-04 5.580e-04 1.260e-04 2.832e-03
2000 4.310e-04 5.080e-04 4.330e-04 6.030e-04 1.740e-04 5.580e-04 2.130e-04 3.201e-03
3000 5.450e-04 6.120e-04 6.300e-04 5.850e-04 1.720e-04 5.510e-04 2.920e-04 3.626e-03
4000 5.700e-04 5.860e-04 8.490e-04 5.960e-04 1.740e-04 5.580e-04 3.980e-04 4.013e-03
5000 6.500e-04 6.310e-04 1.063e-03 5.960e-04 1.730e-04 5.640e-04 4.700e-04 4.427e-03
6000 7.920e-04 6.530e-04 1.254e-03 5.970e-04 1.740e-04 5.600e-04 5.520e-04 4.862e-03
7000 1.071e-03 5.660e-04 1.470e-03 5.910e-04 1.740e-04 5.610e-04 6.370e-04 5.350e-03
8000 1.169e-03 6.980e-04 1.692e-03 5.910e-04 1.740e-04 5.590e-04 7.110e-04 5.885e-03
9000 1.378e-03 7.160e-04 1.893e-03 5.900e-04 1.760e-04 5.580e-04 7.760e-04 6.370e-03
10000 1.551e-03 9.190e-04 2.109e-03 5.970e-04 1.750e-04 6.810e-04 8.260e-04 7.150e-03
20000 3.426e-03 1.160e-03 4.276e-03 5.930e-04 1.750e-04 5.610e-04 1.596e-03 1.208e-02
30000 5.139e-03 1.412e-03 6.458e-03 5.990e-04 1.740e-04 5.620e-04 2.324e-03 1.696e-02
40000 6.735e-03 1.702e-03 8.610e-03 5.970e-04 1.770e-04 5.590e-04 3.114e-03 2.179e-02
50000 8.524e-03 2.177e-03 1.080e-02 6.060e-04 1.760e-04 5.600e-04 3.774e-03 2.702e-02
60000 1.032e-02 2.517e-03 1.295e-02 6.080e-04 1.740e-04 5.600e-04 4.503e-03 3.193e-02
70000 1.230e-02 3.217e-03 1.514e-02 6.430e-04 1.870e-04 6.040e-04 5.472e-03 3.787e-02
80000 1.399e-02 3.906e-03 1.732e-02 6.480e-04 1.880e-04 6.030e-04 6.176e-03 4.313e-02
90000 1.591e-02 4.806e-03 1.948e-02 6.470e-04 1.880e-04 6.030e-04 6.984e-03 4.892e-02
100000 1.768e-02 5.376e-03 2.162e-02 6.540e-04 1.880e-04 6.050e-04 7.747e-03 5.417e-02
200000 3.549e-02 1.473e-02 4.538e-02 6.330e-04 1.850e-04 5.950e-04 1.524e-02 1.126e-01
300000 5.326e-02 2.745e-02 6.527e-02 6.320e-04 1.870e-04 5.940e-04 2.256e-02 1.702e-01
400000 7.088e-02 4.274e-02 8.712e-02 6.250e-04 1.860e-04 5.930e-04 2.951e-02 2.319e-01
500000 8.549e-02 5.578e-02 1.094e-01 5.890e-04 1.720e-04 5.490e-04 3.543e-02 2.877e-01
