1000 3.790e-04 4.830e-04 2.350e-04 5.920e-04 1.740e-04 5.610e-04 1.260e-04 2.826e-03
2000 4.320e-04 5.070e-04 4.320e-04 5.900e-04 1.750e-04 5.630e-04 2.130e-04 3.195e-03
3000 5.120e-04 6.500e-04 6.350e-04 5.850e-04 1.740e-04 5.600e-04 2.970e-04 3.700e-03
4000 5.680e-04 6.930e-04 8.570e-04 5.960e-04 1.750e-04 6.800e-04 3.910e-04 4.361e-03
5000 6.480e-04 6.330e-04 1.059e-03 5.930e-04 1.750e-04 5.600e-04 4.810e-04 4.433e-03
6000 8.950e-04 6.870e-04 1.276e-03 6.330e-04 1.880e-04 6.050e-04 5.570e-04 5.128e-03
7000 1.140e-03 6.020e-04 1.488e-03 6.300e-04 1.870e-04 6.000e-04 6.670e-04 5.595e-03
8000 1.247e-03 7.370e-04 1.713e-03 6.310e-04 1.870e-04 6.040e-04 7.230e-04 6.146e-03
9000 1.457e-03 7.550e-04 1.925e-03 9.760e-04 1.910e-04 6.010e-04 7.770e-04 6.969e-03
10000 1.572e-03 9.690e-04 2.164e-03 6.370e-04 1.870e-04 6.020e-04 8.520e-04 7.273e-03
20000 3.490e-03 1.236e-03 4.565e-03 6.390e-04 1.880e-04 6.010e-04 1.634e-03 1.266e-02
30000 5.389e-03 1.483e-03 6.437e-03 6.500e-04 1.910e-04 6.040e-04 2.442e-03 1.750e-02
40000 7.048e-03 1.796e-03 8.597e-03 6.450e-04 1.890e-04 6.050e-04 3.194e-03 2.237e-02
50000 8.842e-03 2.096e-03 1.136e-02 6.280e-04 1.870e-04 5.950e-04 3.934e-03 2.790e-02
60000 1.073e-02 2.647e-03 1.301e-02 6.540e-04 1.880e-04 6.030e-04 4.716e-03 3.284e-02
70000 1.222e-02 3.264e-03 1.515e-02 6.580e-04 1.890e-04 6.060e-04 5.486e-03 3.787e-02
80000 1.415e-02 3.908e-03 1.730e-02 6.590e-04 1.870e-04 6.080e-04 6.213e-03 4.333e-02
90000 1.588e-02 4.807e-03 1.952e-02 6.510e-04 1.880e-04 6.100e-04 6.940e-03 4.890e-02
100000 1.766e-02 5.390e-03 2.174e-02 6.650e-04 1.870e-04 6.100e-04 7.800e-03 5.435e-02
200000 3.552e-02 1.471e-02 4.352e-02 6.320e-04 1.850e-04 5.920e-04 1.517e-02 1.106e-01
300000 5.294e-02 2.749e-02 6.582e-02 5.890e-04 1.720e-04 5.500e-04 2.165e-02 1.695e-01
400000 6.849e-02 4.031e-02 9.008e-02 5.900e-04 1.730e-04 5.510e-04 2.856e-02 2.290e-01
500000 8.521e-02 5.593e-02 1.094e-01 5.870e-04 1.720e-04 5.580e-04 3.549e-02 2.876e-01
