1000 7.950e-04 7.560e-04 4.490e-04 6.030e-04 1.740e-04 5.590e-04 1.980e-04 3.811e-03
2000 9.770e-04 8.090e-04 8.860e-04 6.040e-04 1.740e-04 5.590e-04 3.300e-04 4.620e-03
3000 1.107e-03 9.030e-04 1.313e-03 6.020e-04 1.800e-04 5.590e-04 4.680e-04 5.420e-03
4000 1.290e-03 9.720e-04 1.756e-03 6.020e-04 1.750e-04 5.580e-04 6.400e-04 6.278e-03
5000 1.497e-03 9.440e-04 2.216e-03 5.900e-04 1.740e-04 5.670e-04 7.790e-04 7.045e-03
6000 1.801e-03 9.720e-04 2.925e-03 6.270e-04 1.750e-04 5.630e-04 9.050e-04 8.251e-03
7000 2.485e-03 1.091e-03 3.050e-03 5.780e-04 1.720e-04 5.490e-04 1.091e-03 9.251e-03
8000 2.685e-03 1.147e-03 3.489e-03 5.940e-04 1.750e-04 5.630e-04 1.211e-03 1.014e-02
9000 3.084e-03 1.174e-03 3.922e-03 6.030e-04 1.740e-04 5.630e-04 1.327e-03 1.113e-02
10000 3.553e-03 1.438e-03 4.353e-03 6.000e-04 1.750e-04 5.570e-04 1.454e-03 1.242e-02
20000 8.360e-03 1.877e-03 8.759e-03 6.020e-04 1.740e-04 5.680e-04 2.792e-03 2.343e-02
30000 1.239e-02 2.330e-03 1.418e-02 6.080e-04 1.740e-04 5.580e-04 4.295e-03 3.482e-02
40000 1.623e-02 2.776e-03 1.766e-02 6.520e-04 1.750e-04 5.600e-04 5.437e-03 4.379e-02
50000 2.057e-02 3.362e-03 2.296e-02 6.130e-04 1.740e-04 5.610e-04 6.721e-03 5.527e-02
60000 2.481e-02 4.323e-03 2.631e-02 6.060e-04 1.750e-04 5.600e-04 7.966e-03 6.507e-02
70000 2.869e-02 5.476e-03 3.074e-02 6.070e-04 1.760e-04 5.600e-04 9.211e-03 7.577e-02
80000 3.295e-02 6.917e-03 3.518e-02 6.060e-04 1.750e-04 5.630e-04 1.051e-02 8.721e-02
90000 3.695e-02 8.612e-03 3.942e-02 6.150e-04 1.750e-04 5.620e-04 1.178e-02 9.842e-02
100000 4.099e-02 1.013e-02 4.377e-02 6.050e-04 1.750e-04 5.660e-04 1.307e-02 1.096e-01
200000 8.477e-02 3.084e-02 9.229e-02 5.840e-04 1.740e-04 5.500e-04 2.569e-02 2.352e-01
300000 1.238e-01 400000 500000 