1000 1.890e-04 2.010e-04 1.100e-04 5.810e-04 1.720e-04 5.560e-04 7.400e-05 2.126e-03
2000 1.750e-04 3.270e-04 1.800e-04 6.050e-04 1.750e-04 5.550e-04 1.160e-04 2.417e-03
3000 1.960e-04 4.510e-04 2.440e-04 5.970e-04 1.740e-04 5.580e-04 1.550e-04 2.656e-03
4000 2.300e-04 3.660e-04 3.130e-04 6.040e-04 1.750e-04 5.610e-04 1.940e-04 2.724e-03
5000 2.440e-04 4.930e-04 3.910e-04 5.920e-04 1.740e-04 5.600e-04 2.360e-04 2.972e-03
6000 2.600e-04 4.000e-04 4.540e-04 5.970e-04 1.750e-04 5.620e-04 2.710e-04 3.001e-03
7000 3.080e-04 4.120e-04 5.320e-04 6.010e-04 1.750e-04 5.590e-04 3.090e-04 3.182e-03
8000 3.230e-04 4.220e-04 5.920e-04 6.010e-04 1.750e-04 5.610e-04 3.500e-04 3.303e-03
9000 3.740e-04 4.480e-04 6.720e-04 5.890e-04 1.740e-04 5.570e-04 3.870e-04 3.481e-03
10000 4.270e-04 5.770e-04 7.450e-04 6.000e-04 1.770e-04 5.590e-04 4.260e-04 3.801e-03
20000 8.770e-04 7.510e-04 1.501e-03 5.950e-04 1.750e-04 5.650e-04 8.230e-04 5.577e-03
30000 1.297e-03 8.520e-04 2.250e-03 5.990e-04 1.740e-04 5.580e-04 1.221e-03 7.246e-03
40000 1.654e-03 9.990e-04 3.001e-03 6.130e-04 1.750e-04 5.630e-04 1.628e-03 8.930e-03
50000 2.076e-03 1.158e-03 3.730e-03 6.090e-04 1.750e-04 5.620e-04 2.018e-03 1.063e-02
60000 2.525e-03 1.332e-03 4.526e-03 6.140e-04 1.740e-04 5.640e-04 2.370e-03 1.241e-02
70000 2.847e-03 1.493e-03 5.319e-03 6.190e-04 1.760e-04 5.630e-04 2.830e-03 1.415e-02
80000 3.326e-03 1.861e-03 6.094e-03 6.070e-04 1.730e-04 5.600e-04 3.215e-03 1.613e-02
90000 3.727e-03 2.023e-03 7.104e-03 6.340e-04 2.990e-04 1.401e-03 3.591e-03 1.909e-02
100000 4.078e-03 2.226e-03 7.528e-03 6.050e-04 1.740e-04 5.620e-04 3.969e-03 1.945e-02
200000 8.389e-03 5.020e-03 1.517e-02 5.960e-04 1.740e-04 5.510e-04 7.773e-03 3.796e-02
300000 1.266e-02 8.429e-03 2.276e-02 5.900e-04 1.730e-04 5.520e-04 1.161e-02 5.704e-02
400000 1.707e-02 1.236e-02 3.030e-02 5.960e-04 1.740e-04 5.540e-04 1.541e-02 7.673e-02
500000 2.095e-02 1.678e-02 3.803e-02 5.910e-04 1.720e-04 5.520e-04 1.920e-02 9.654e-02
