1000 7.910e-04 7.470e-04 4.490e-04 5.990e-04 1.750e-04 5.600e-04 1.970e-04 3.807e-03
2000 9.830e-04 8.070e-04 8.870e-04 5.900e-04 1.750e-04 5.660e-04 3.330e-04 4.620e-03
3000 1.108e-03 8.950e-04 1.334e-03 6.040e-04 1.740e-04 5.590e-04 4.680e-04 5.428e-03
4000 1.289e-03 9.710e-04 1.747e-03 5.870e-04 1.740e-04 5.620e-04 6.390e-04 6.255e-03
5000 1.496e-03 9.410e-04 2.223e-03 6.020e-04 1.750e-04 5.580e-04 7.780e-04 7.069e-03
6000 1.816e-03 9.700e-04 2.647e-03 6.020e-04 1.740e-04 5.610e-04 9.110e-04 7.962e-03
7000 2.436e-03 1.118e-03 3.081e-03 6.040e-04 1.750e-04 5.710e-04 1.094e-03 9.361e-03
8000 2.672e-03 1.150e-03 3.503e-03 5.990e-04 1.750e-04 5.630e-04 1.206e-03 1.015e-02
9000 3.072e-03 1.191e-03 3.949e-03 5.910e-04 1.750e-04 5.570e-04 1.328e-03 1.115e-02
10000 3.573e-03 1.430e-03 4.365e-03 5.920e-04 1.750e-04 5.570e-04 1.475e-03 1.245e-02
20000 8.419e-03 1.860e-03 8.785e-03 5.960e-04 1.760e-04 5.620e-04 2.800e-03 2.349e-02
30000 1.235e-02 2.331e-03 1.312e-02 6.020e-04 1.740e-04 5.600e-04 4.116e-03 3.355e-02
40000 1.619e-02 2.777e-03 1.760e-02 6.040e-04 1.760e-04 5.600e-04 5.469e-03 4.367e-02
50000 2.063e-02 3.356e-03 2.186e-02 6.060e-04 1.750e-04 5.610e-04 6.711e-03 5.420e-02
60000 2.466e-02 4.261e-03 2.630e-02 6.100e-04 1.750e-04 5.650e-04 7.978e-03 6.485e-02
70000 2.863e-02 5.407e-03 3.073e-02 5.910e-04 1.730e-04 5.500e-04 9.215e-03 7.554e-02
80000 3.300e-02 6.965e-03 3.511e-02 5.970e-04 1.720e-04 5.550e-04 1.048e-02 8.718e-02
90000 3.727e-02 8.885e-03 3.948e-02 6.050e-04 1.750e-04 5.630e-04 1.181e-02 9.909e-02
100000 4.083e-02 1.014e-02 4.389e-02 5.950e-04 1.730e-04 5.560e-04 1.307e-02 1.095e-01
200000 8.310e-02 3.084e-02 8.795e-02 5.910e-04 1.740e-04 5.530e-04 2.565e-02 2.291e-01
300000 1.212e-01 400000 500000 