1000 3.790e-04 4.840e-04 2.400e-04 5.980e-04 1.750e-04 5.620e-04 1.260e-04 2.843e-03
2000 4.320e-04 5.130e-04 4.360e-04 5.990e-04 1.740e-04 5.560e-04 2.070e-04 3.198e-03
3000 5.200e-04 6.510e-04 6.390e-04 5.890e-04 1.760e-04 5.580e-04 2.960e-04 3.705e-03
4000 5.700e-04 5.890e-04 8.460e-04 5.900e-04 1.750e-04 5.580e-04 3.960e-04 4.002e-03
5000 6.820e-04 6.400e-04 1.076e-03 5.890e-04 1.750e-04 5.580e-04 4.740e-04 4.479e-03
6000 7.980e-04 6.510e-04 1.262e-03 5.900e-04 1.750e-04 5.570e-04 5.630e-04 4.876e-03
7000 1.079e-03 5.610e-04 1.482e-03 5.970e-04 1.740e-04 5.630e-04 6.340e-04 5.371e-03
8000 1.167e-03 6.930e-04 1.694e-03 5.940e-04 1.750e-04 5.570e-04 7.080e-04 5.872e-03
9000 1.371e-03 7.150e-04 1.907e-03 5.930e-04 1.750e-04 5.600e-04 7.570e-04 6.362e-03
10000 1.499e-03 9.210e-04 2.120e-03 5.930e-04 1.730e-04 5.600e-04 8.390e-04 6.992e-03
20000 3.299e-03 1.171e-03 4.260e-03 5.900e-04 1.750e-04 5.550e-04 1.573e-03 1.192e-02
30000 5.174e-03 1.422e-03 6.376e-03 6.060e-04 1.740e-04 5.700e-04 2.335e-03 1.696e-02
40000 6.681e-03 1.709e-03 8.589e-03 6.000e-04 1.760e-04 5.590e-04 3.065e-03 2.168e-02
50000 8.422e-03 2.041e-03 1.082e-02 6.060e-04 1.750e-04 5.610e-04 3.808e-03 2.673e-02
60000 1.026e-02 2.550e-03 1.349e-02 6.050e-04 1.740e-04 5.630e-04 4.676e-03 3.261e-02
70000 1.179e-02 3.101e-03 1.516e-02 6.040e-04 1.740e-04 5.600e-04 5.191e-03 3.688e-02
80000 1.355e-02 3.723e-03 1.726e-02 6.040e-04 1.750e-04 5.600e-04 5.876e-03 4.205e-02
90000 1.533e-02 4.595e-03 1.952e-02 6.090e-04 1.750e-04 5.620e-04 6.666e-03 4.776e-02
100000 1.700e-02 5.124e-03 2.170e-02 5.890e-04 1.730e-04 5.510e-04 7.356e-03 5.280e-02
200000 3.427e-02 1.409e-02 4.357e-02 5.870e-04 1.730e-04 5.530e-04 1.455e-02 1.080e-01
300000 5.120e-02 2.616e-02 6.529e-02 6.040e-04 1.720e-04 5.660e-04 2.155e-02 1.658e-01
400000 6.818e-02 4.063e-02 8.865e-02 5.910e-04 1.740e-04 5.520e-04 2.858e-02 2.276e-01
500000 8.639e-02 5.589e-02 1.091e-01 5.890e-04 1.730e-04 5.530e-04 3.550e-02 2.885e-01
