1000 8.670e-04 7.980e-04 4.750e-04 6.430e-04 1.880e-04 6.090e-04 2.050e-04 4.075e-03
2000 1.076e-03 8.670e-04 9.090e-04 6.300e-04 1.880e-04 6.050e-04 3.410e-04 4.897e-03
3000 1.218e-03 9.620e-04 1.357e-03 6.420e-04 1.870e-04 6.030e-04 4.810e-04 5.736e-03
4000 1.414e-03 1.041e-03 1.799e-03 6.400e-04 1.870e-04 6.040e-04 6.610e-04 6.629e-03
5000 1.614e-03 1.015e-03 2.268e-03 6.350e-04 1.870e-04 6.120e-04 7.970e-04 7.411e-03
6000 1.913e-03 1.048e-03 2.689e-03 6.430e-04 1.880e-04 6.080e-04 9.330e-04 8.306e-03
7000 2.603e-03 1.201e-03 3.153e-03 6.400e-04 1.870e-04 6.100e-04 1.123e-03 9.800e-03
8000 2.847e-03 1.232e-03 3.521e-03 6.430e-04 1.880e-04 6.090e-04 1.252e-03 1.058e-02
9000 3.244e-03 1.254e-03 4.010e-03 6.390e-04 1.880e-04 6.070e-04 1.367e-03 1.160e-02
10000 3.758e-03 1.521e-03 4.466e-03 6.450e-04 1.880e-04 6.140e-04 1.505e-03 1.298e-02
20000 8.726e-03 1.984e-03 8.944e-03 6.450e-04 1.870e-04 6.090e-04 2.896e-03 2.428e-02
30000 1.292e-02 2.482e-03 1.334e-02 6.460e-04 1.880e-04 6.090e-04 4.274e-03 3.476e-02
40000 1.665e-02 2.963e-03 1.778e-02 6.540e-04 1.870e-04 6.100e-04 5.668e-03 4.482e-02
50000 2.141e-02 3.574e-03 2.218e-02 6.610e-04 1.870e-04 6.100e-04 6.957e-03 5.588e-02
60000 2.558e-02 4.506e-03 2.657e-02 6.480e-04 1.880e-04 6.050e-04 8.393e-03 6.679e-02
70000 2.976e-02 5.768e-03 3.102e-02 6.480e-04 1.890e-04 6.050e-04 9.704e-03 7.799e-02
80000 3.431e-02 7.294e-03 3.551e-02 6.450e-04 1.870e-04 6.030e-04 1.090e-02 8.976e-02
90000 3.877e-02 9.078e-03 3.991e-02 6.350e-04 1.850e-04 5.950e-04 1.225e-02 1.017e-01
100000 4.189e-02 1.048e-02 4.543e-02 6.200e-04 1.820e-04 5.800e-04 1.347e-02 1.129e-01
200000 8.297e-02 3.079e-02 8.773e-02 5.890e-04 1.730e-04 5.500e-04 2.561e-02 2.287e-01
300000 1.239e-01 400000 500000 