1000 7.930e-04 7.460e-04 4.510e-04 5.860e-04 1.750e-04 5.580e-04 1.960e-04 3.789e-03
2000 9.780e-04 8.160e-04 8.920e-04 6.010e-04 1.750e-04 5.580e-04 3.310e-04 4.636e-03
3000 1.106e-03 9.010e-04 1.329e-03 5.980e-04 1.750e-04 5.580e-04 4.670e-04 5.416e-03
4000 1.288e-03 9.740e-04 1.763e-03 5.920e-04 1.760e-04 5.570e-04 6.420e-04 6.276e-03
5000 1.485e-03 9.440e-04 2.222e-03 6.160e-04 1.750e-04 5.620e-04 7.820e-04 7.074e-03
6000 1.802e-03 1.001e-03 2.638e-03 6.290e-04 1.870e-04 5.790e-04 9.140e-04 8.086e-03
7000 2.444e-03 1.131e-03 3.077e-03 6.120e-04 1.750e-04 5.640e-04 1.088e-03 9.387e-03
8000 2.672e-03 1.159e-03 3.508e-03 6.060e-04 1.750e-04 5.630e-04 1.203e-03 1.017e-02
9000 3.060e-03 1.175e-03 3.957e-03 5.990e-04 1.750e-04 5.600e-04 1.326e-03 1.114e-02
10000 3.570e-03 1.436e-03 4.376e-03 6.070e-04 1.740e-04 5.620e-04 1.461e-03 1.247e-02
20000 8.395e-03 1.902e-03 8.741e-03 6.210e-04 1.740e-04 5.620e-04 2.788e-03 2.348e-02
30000 1.227e-02 2.393e-03 1.317e-02 6.470e-04 1.790e-04 5.880e-04 4.142e-03 3.373e-02
40000 1.627e-02 2.796e-03 1.760e-02 6.000e-04 1.740e-04 5.640e-04 5.408e-03 4.372e-02
50000 2.056e-02 3.331e-03 2.193e-02 6.190e-04 1.760e-04 5.700e-04 6.704e-03 5.418e-02
60000 2.463e-02 4.293e-03 2.648e-02 6.240e-04 1.760e-04 5.660e-04 8.034e-03 6.511e-02
70000 2.880e-02 5.402e-03 3.070e-02 6.300e-04 1.780e-04 5.590e-04 9.241e-03 7.577e-02
80000 3.296e-02 7.057e-03 3.520e-02 6.330e-04 1.810e-04 5.660e-04 1.046e-02 8.737e-02
90000 3.864e-02 9.318e-03 3.991e-02 6.510e-04 1.900e-04 5.960e-04 1.231e-02 1.019e-01
100000 4.201e-02 1.045e-02 4.436e-02 6.570e-04 1.860e-04 5.840e-04 1.336e-02 1.119e-01
200000 8.303e-02 3.077e-02 8.790e-02 5.950e-04 1.720e-04 5.510e-04 2.560e-02 2.289e-01
300000 1.243e-01 400000 500000 