1000 3.740e-04 4.850e-04 2.440e-04 5.910e-04 1.740e-04 5.620e-04 1.270e-04 2.838e-03
2000 4.320e-04 5.070e-04 4.330e-04 5.940e-04 1.750e-04 5.560e-04 2.050e-04 3.181e-03
3000 5.120e-04 6.630e-04 6.360e-04 5.940e-04 1.740e-04 5.590e-04 2.930e-04 3.711e-03
4000 5.700e-04 5.840e-04 8.370e-04 5.980e-04 1.750e-04 5.580e-04 3.950e-04 3.997e-03
5000 6.460e-04 6.350e-04 1.053e-03 5.920e-04 1.730e-04 5.670e-04 4.740e-04 4.423e-03
6000 8.090e-04 6.530e-04 1.279e-03 5.910e-04 1.750e-04 5.590e-04 5.520e-04 4.905e-03
7000 1.066e-03 5.610e-04 1.477e-03 5.940e-04 1.750e-04 5.590e-04 6.310e-04 5.341e-03
8000 1.157e-03 6.960e-04 1.674e-03 5.930e-04 1.740e-04 5.590e-04 7.080e-04 5.844e-03
9000 1.371e-03 7.120e-04 1.898e-03 5.940e-04 1.750e-04 5.580e-04 7.590e-04 6.348e-03
10000 1.660e-03 9.370e-04 2.129e-03 5.970e-04 1.740e-04 5.640e-04 8.490e-04 7.193e-03
20000 3.315e-03 1.173e-03 4.259e-03 5.940e-04 1.740e-04 5.610e-04 1.582e-03 1.195e-02
30000 5.148e-03 1.424e-03 6.385e-03 5.960e-04 1.750e-04 5.600e-04 2.339e-03 1.692e-02
40000 6.785e-03 1.721e-03 8.662e-03 6.350e-04 1.760e-04 5.590e-04 3.075e-03 2.191e-02
50000 8.413e-03 2.014e-03 1.077e-02 6.060e-04 1.750e-04 5.650e-04 3.849e-03 2.669e-02
60000 1.023e-02 2.523e-03 1.298e-02 6.110e-04 1.760e-04 5.640e-04 4.513e-03 3.189e-02
70000 1.184e-02 3.102e-03 1.509e-02 6.040e-04 1.750e-04 5.600e-04 5.210e-03 3.689e-02
80000 1.347e-02 3.766e-03 1.729e-02 6.080e-04 1.750e-04 5.600e-04 5.957e-03 4.213e-02
90000 1.538e-02 4.527e-03 1.956e-02 6.100e-04 1.740e-04 5.620e-04 6.668e-03 4.777e-02
100000 1.694e-02 5.188e-03 2.171e-02 6.020e-04 1.740e-04 5.580e-04 7.335e-03 5.280e-02
200000 3.416e-02 1.409e-02 4.351e-02 6.000e-04 1.740e-04 5.530e-04 1.449e-02 1.078e-01
300000 5.160e-02 2.620e-02 6.565e-02 5.960e-04 1.720e-04 5.510e-04 2.152e-02 1.665e-01
400000 6.831e-02 4.035e-02 8.743e-02 5.860e-04 1.720e-04 5.520e-04 2.886e-02 2.265e-01
500000 8.555e-02 5.606e-02 1.093e-01 5.910e-04 1.730e-04 5.530e-04 3.547e-02 2.880e-01
