1000 1.760e-04 2.280e-04 1.140e-04 6.360e-04 1.880e-04 6.040e-04 8.400e-05 2.316e-03
2000 1.910e-04 3.420e-04 1.810e-04 6.370e-04 1.880e-04 6.060e-04 1.220e-04 2.555e-03
3000 2.180e-04 4.670e-04 2.480e-04 6.320e-04 1.870e-04 6.010e-04 1.650e-04 2.798e-03
4000 2.520e-04 3.850e-04 3.140e-04 6.420e-04 1.870e-04 6.050e-04 2.080e-04 2.873e-03
5000 2.710e-04 5.050e-04 3.910e-04 6.340e-04 1.880e-04 6.060e-04 2.490e-04 3.131e-03
6000 2.910e-04 4.090e-04 4.600e-04 6.340e-04 1.870e-04 6.070e-04 2.910e-04 3.163e-03
7000 3.720e-04 4.030e-04 5.230e-04 6.300e-04 1.860e-04 5.930e-04 3.320e-04 3.274e-03
8000 3.550e-04 4.400e-04 5.990e-04 6.420e-04 1.900e-04 6.060e-04 3.760e-04 3.493e-03
9000 4.010e-04 4.580e-04 6.680e-04 6.290e-04 1.890e-04 6.060e-04 4.180e-04 3.656e-03
10000 4.580e-04 6.020e-04 7.410e-04 6.420e-04 1.870e-04 6.120e-04 4.610e-04 3.991e-03
20000 9.420e-04 7.480e-04 1.523e-03 6.400e-04 1.880e-04 6.040e-04 8.880e-04 5.819e-03
30000 1.361e-03 8.750e-04 2.249e-03 6.440e-04 1.890e-04 6.100e-04 1.322e-03 7.548e-03
40000 1.746e-03 1.026e-03 3.020e-03 6.510e-04 1.880e-04 6.080e-04 1.767e-03 9.305e-03
50000 2.206e-03 1.205e-03 3.766e-03 6.520e-04 1.890e-04 6.040e-04 2.202e-03 1.112e-02
60000 2.681e-03 1.354e-03 4.526e-03 6.480e-04 1.870e-04 6.020e-04 2.647e-03 1.294e-02
70000 3.034e-03 1.525e-03 5.309e-03 6.480e-04 1.880e-04 6.020e-04 3.073e-03 1.469e-02
80000 3.512e-03 1.759e-03 6.058e-03 6.550e-04 1.880e-04 6.070e-04 3.481e-03 1.656e-02
90000 3.933e-03 2.059e-03 6.758e-03 6.430e-04 1.870e-04 6.040e-04 3.925e-03 1.842e-02
100000 4.347e-03 2.289e-03 7.546e-03 6.560e-04 1.880e-04 6.120e-04 4.329e-03 2.027e-02
200000 8.744e-03 5.217e-03 1.515e-02 6.410e-04 1.850e-04 5.940e-04 8.454e-03 3.928e-02
300000 1.326e-02 8.740e-03 2.269e-02 6.430e-04 1.860e-04 5.940e-04 1.266e-02 5.903e-02
400000 1.747e-02 1.310e-02 3.038e-02 6.370e-04 1.860e-04 5.940e-04 1.678e-02 7.940e-02
500000 2.231e-02 1.762e-02 3.798e-02 6.280e-04 1.860e-04 5.950e-04 2.091e-02 1.005e-01
