1000 1.780e-04 2.260e-04 1.130e-04 6.340e-04 1.870e-04 6.050e-04 8.200e-05 2.305e-03
2000 1.990e-04 3.400e-04 1.830e-04 6.430e-04 1.880e-04 6.060e-04 1.220e-04 2.563e-03
3000 2.190e-04 4.700e-04 2.500e-04 6.450e-04 1.860e-04 6.060e-04 1.650e-04 2.821e-03
4000 2.820e-04 3.540e-04 3.140e-04 6.150e-04 1.850e-04 5.910e-04 2.060e-04 2.792e-03
5000 2.720e-04 5.030e-04 3.880e-04 6.380e-04 1.870e-04 6.060e-04 2.540e-04 3.130e-03
6000 2.920e-04 4.110e-04 4.600e-04 6.340e-04 1.890e-04 6.090e-04 2.920e-04 3.168e-03
7000 3.390e-04 4.290e-04 5.310e-04 6.390e-04 1.890e-04 6.080e-04 3.350e-04 3.357e-03
8000 3.530e-04 4.420e-04 5.860e-04 6.420e-04 1.870e-04 5.990e-04 3.770e-04 3.470e-03
9000 4.010e-04 4.580e-04 6.630e-04 6.400e-04 1.880e-04 6.040e-04 4.200e-04 3.654e-03
10000 4.630e-04 6.100e-04 7.570e-04 6.350e-04 1.870e-04 6.040e-04 4.600e-04 3.998e-03
20000 9.280e-04 7.460e-04 1.508e-03 6.440e-04 1.880e-04 6.120e-04 8.890e-04 5.804e-03
30000 1.364e-03 8.780e-04 2.250e-03 6.480e-04 1.880e-04 6.080e-04 1.329e-03 7.568e-03
40000 1.743e-03 1.032e-03 3.007e-03 6.490e-04 1.880e-04 6.080e-04 1.759e-03 9.294e-03
50000 2.196e-03 1.191e-03 3.747e-03 6.520e-04 1.880e-04 6.080e-04 2.208e-03 1.110e-02
60000 2.690e-03 1.358e-03 4.506e-03 6.490e-04 1.870e-04 6.080e-04 2.647e-03 1.295e-02
70000 3.065e-03 1.534e-03 5.262e-03 6.580e-04 1.890e-04 6.060e-04 3.084e-03 1.470e-02
80000 3.469e-03 1.769e-03 6.114e-03 6.570e-04 1.870e-04 6.100e-04 3.511e-03 1.662e-02
90000 3.927e-03 2.074e-03 6.760e-03 6.560e-04 1.870e-04 6.100e-04 3.894e-03 1.841e-02
100000 4.300e-03 2.278e-03 7.527e-03 6.560e-04 1.870e-04 6.090e-04 4.343e-03 2.021e-02
200000 8.776e-03 5.207e-03 1.505e-02 6.420e-04 1.850e-04 5.950e-04 8.470e-03 3.923e-02
300000 1.325e-02 8.726e-03 2.266e-02 6.300e-04 1.850e-04 5.950e-04 1.262e-02 5.892e-02
400000 1.736e-02 1.307e-02 3.039e-02 6.400e-04 1.840e-04 5.910e-04 1.678e-02 7.927e-02
500000 2.223e-02 1.761e-02 3.813e-02 6.390e-04 1.850e-04 5.950e-04 2.093e-02 1.006e-01
