1000 7.940e-04 7.490e-04 4.510e-04 6.030e-04 1.750e-04 5.610e-04 2.040e-04 3.816e-03
2000 9.820e-04 8.140e-04 8.840e-04 6.060e-04 1.750e-04 5.600e-04 3.310e-04 4.629e-03
3000 1.106e-03 8.950e-04 1.330e-03 6.010e-04 1.750e-04 5.610e-04 4.690e-04 5.421e-03
4000 1.290e-03 9.710e-04 1.757e-03 5.950e-04 1.750e-04 5.640e-04 6.440e-04 6.279e-03
5000 1.486e-03 9.390e-04 2.217e-03 5.990e-04 1.740e-04 5.600e-04 7.900e-04 7.044e-03
6000 1.836e-03 9.580e-04 2.621e-03 5.880e-04 1.720e-04 5.500e-04 9.050e-04 7.868e-03
7000 2.444e-03 1.128e-03 3.057e-03 5.980e-04 1.750e-04 5.620e-04 1.085e-03 9.333e-03
8000 2.705e-03 1.161e-03 3.475e-03 6.170e-04 1.740e-04 5.650e-04 1.217e-03 1.017e-02
9000 3.077e-03 1.169e-03 3.920e-03 6.030e-04 1.750e-04 5.590e-04 1.320e-03 1.111e-02
10000 3.568e-03 1.418e-03 4.359e-03 5.980e-04 1.730e-04 5.590e-04 1.462e-03 1.242e-02
20000 8.407e-03 1.869e-03 8.755e-03 5.990e-04 1.740e-04 5.640e-04 2.795e-03 2.345e-02
30000 1.241e-02 2.340e-03 1.318e-02 6.120e-04 1.750e-04 5.640e-04 4.125e-03 3.370e-02
40000 1.613e-02 2.780e-03 1.758e-02 6.110e-04 1.730e-04 5.660e-04 5.384e-03 4.351e-02
50000 2.062e-02 3.332e-03 2.198e-02 6.140e-04 1.750e-04 5.650e-04 6.687e-03 5.428e-02
60000 2.465e-02 4.300e-03 2.630e-02 6.090e-04 1.750e-04 5.670e-04 7.919e-03 6.483e-02
70000 2.874e-02 5.477e-03 3.081e-02 6.130e-04 1.760e-04 5.620e-04 9.223e-03 7.591e-02
80000 3.297e-02 6.908e-03 3.505e-02 6.090e-04 1.760e-04 5.680e-04 1.052e-02 8.710e-02
90000 3.709e-02 8.867e-03 3.935e-02 6.190e-04 1.750e-04 5.610e-04 1.180e-02 9.876e-02
100000 4.083e-02 1.013e-02 4.380e-02 6.010e-04 1.740e-04 5.520e-04 1.308e-02 1.095e-01
200000 8.294e-02 3.100e-02 8.811e-02 5.990e-04 1.730e-04 5.550e-04 2.567e-02 2.294e-01
300000 1.236e-01 400000 500000 