1000 3.750e-04 4.890e-04 2.400e-04 6.030e-04 1.740e-04 5.590e-04 1.260e-04 2.845e-03
2000 4.320e-04 5.050e-04 4.330e-04 5.900e-04 1.760e-04 5.590e-04 2.060e-04 3.180e-03
3000 5.150e-04 6.600e-04 6.340e-04 5.930e-04 1.760e-04 5.570e-04 2.990e-04 3.714e-03
4000 5.680e-04 5.820e-04 8.500e-04 6.010e-04 1.760e-04 5.600e-04 4.040e-04 4.023e-03
5000 6.540e-04 6.280e-04 1.055e-03 5.900e-04 1.740e-04 5.560e-04 4.720e-04 4.407e-03
6000 7.980e-04 6.560e-04 1.267e-03 5.920e-04 1.740e-04 5.610e-04 5.540e-04 4.888e-03
7000 1.068e-03 5.650e-04 1.483e-03 5.940e-04 1.740e-04 5.590e-04 6.390e-04 5.363e-03
8000 1.192e-03 6.980e-04 1.686e-03 5.930e-04 1.740e-04 5.610e-04 7.050e-04 5.890e-03
9000 1.415e-03 7.160e-04 1.903e-03 5.900e-04 1.750e-04 5.600e-04 7.620e-04 6.404e-03
10000 1.533e-03 9.240e-04 2.107e-03 5.910e-04 1.760e-04 5.590e-04 8.400e-04 7.016e-03
20000 3.316e-03 1.165e-03 4.292e-03 5.960e-04 1.760e-04 5.590e-04 1.590e-03 1.198e-02
30000 5.133e-03 1.407e-03 6.480e-03 5.970e-04 1.750e-04 5.640e-04 2.330e-03 1.699e-02
40000 6.842e-03 1.724e-03 8.831e-03 6.030e-04 1.750e-04 5.640e-04 3.111e-03 2.215e-02
50000 8.426e-03 2.039e-03 1.079e-02 6.030e-04 1.750e-04 5.610e-04 3.776e-03 2.668e-02
60000 1.023e-02 2.540e-03 1.301e-02 6.070e-04 1.740e-04 5.610e-04 4.495e-03 3.192e-02
70000 1.170e-02 3.131e-03 1.515e-02 6.230e-04 1.760e-04 5.630e-04 5.194e-03 3.683e-02
80000 1.350e-02 3.717e-03 1.731e-02 6.100e-04 1.780e-04 5.630e-04 5.954e-03 4.213e-02
90000 1.528e-02 4.556e-03 1.948e-02 6.050e-04 1.740e-04 5.640e-04 6.654e-03 4.762e-02
100000 1.679e-02 5.190e-03 2.143e-02 6.070e-04 1.730e-04 5.520e-04 7.413e-03 5.246e-02
200000 3.452e-02 1.423e-02 4.396e-02 5.890e-04 1.720e-04 5.540e-04 1.563e-02 1.099e-01
300000 5.179e-02 2.723e-02 7.708e-02 5.950e-04 1.730e-04 5.500e-04 2.210e-02 1.798e-01
400000 6.854e-02 4.037e-02 9.510e-02 5.900e-04 1.730e-04 5.530e-04 2.863e-02 2.342e-01
500000 8.484e-02 5.734e-02 1.146e-01 6.000e-04 1.730e-04 5.520e-04 3.565e-02 2.940e-01
