1000 1.780e-04 2.250e-04 1.180e-04 6.330e-04 1.880e-04 6.000e-04 8.200e-05 2.316e-03
2000 2.000e-04 3.390e-04 1.790e-04 6.290e-04 1.870e-04 6.000e-04 1.220e-04 2.533e-03
3000 2.170e-04 4.700e-04 2.490e-04 6.390e-04 1.880e-04 6.050e-04 1.650e-04 2.815e-03
4000 2.530e-04 3.790e-04 3.130e-04 6.310e-04 1.890e-04 6.000e-04 2.080e-04 2.856e-03
5000 2.660e-04 5.030e-04 3.840e-04 6.290e-04 1.880e-04 5.990e-04 2.500e-04 3.107e-03
6000 2.920e-04 4.090e-04 4.760e-04 6.360e-04 1.870e-04 6.030e-04 2.980e-04 3.188e-03
7000 3.290e-04 4.310e-04 5.260e-04 6.370e-04 1.870e-04 6.000e-04 3.350e-04 3.337e-03
8000 3.600e-04 4.490e-04 5.880e-04 6.340e-04 1.880e-04 6.040e-04 3.750e-04 3.478e-03
9000 4.060e-04 4.580e-04 6.720e-04 6.310e-04 1.880e-04 6.000e-04 4.190e-04 3.658e-03
10000 4.630e-04 6.030e-04 7.510e-04 6.280e-04 1.880e-04 6.020e-04 4.620e-04 3.977e-03
20000 9.670e-04 7.420e-04 1.504e-03 6.330e-04 1.880e-04 6.070e-04 8.910e-04 5.832e-03
30000 1.375e-03 8.840e-04 2.227e-03 6.350e-04 1.880e-04 6.030e-04 1.331e-03 7.535e-03
40000 1.745e-03 1.024e-03 3.005e-03 6.390e-04 1.870e-04 6.050e-04 1.756e-03 9.262e-03
50000 2.207e-03 1.192e-03 3.759e-03 6.470e-04 1.870e-04 6.020e-04 2.200e-03 1.110e-02
60000 2.668e-03 1.362e-03 4.489e-03 6.450e-04 1.890e-04 6.040e-04 2.649e-03 1.291e-02
70000 3.059e-03 1.546e-03 5.312e-03 6.490e-04 1.880e-04 6.020e-04 3.245e-03 1.490e-02
80000 3.487e-03 1.770e-03 6.036e-03 6.470e-04 1.890e-04 6.060e-04 3.492e-03 1.652e-02
90000 3.969e-03 2.084e-03 6.737e-03 6.540e-04 1.880e-04 6.070e-04 3.912e-03 1.845e-02
100000 4.380e-03 2.282e-03 7.571e-03 6.540e-04 1.870e-04 6.120e-04 4.364e-03 2.035e-02
200000 8.760e-03 5.176e-03 1.514e-02 6.380e-04 1.870e-04 5.930e-04 8.475e-03 3.922e-02
300000 1.323e-02 8.812e-03 2.271e-02 6.320e-04 1.910e-04 5.960e-04 1.266e-02 5.909e-02
400000 1.748e-02 1.312e-02 3.042e-02 6.290e-04 1.840e-04 5.920e-04 1.680e-02 7.948e-02
500000 2.233e-02 1.766e-02 3.802e-02 6.230e-04 1.850e-04 5.960e-04 2.092e-02 1.006e-01
