1000 1.900e-05 1.820e-04 2.394e-01 4.128e-03 9.960e-04 4.409e-03 1.000e-06 2.500e-01
2000 2.200e-05 5.250e-04 2.393e-01 4.128e-03 1.001e-03 4.409e-03 2.000e-06 2.503e-01
3000 2.100e-05 5.640e-04 2.393e-01 4.126e-03 9.970e-04 4.408e-03 1.000e-06 2.503e-01
4000 1.500e-05 5.680e-04 2.395e-01 4.130e-03 9.990e-04 4.409e-03 2.000e-06 2.505e-01
5000 2.100e-05 5.980e-04 2.394e-01 4.127e-03 9.980e-04 4.408e-03 1.000e-06 2.505e-01
6000 2.100e-05 7.260e-04 2.395e-01 4.128e-03 9.990e-04 4.409e-03 2.000e-06 2.506e-01
7000 5.100e-05 7.120e-04 2.393e-01 4.125e-03 9.980e-04 4.405e-03 1.000e-06 2.504e-01
8000 2.000e-05 7.830e-04 2.396e-01 4.129e-03 1.003e-03 4.408e-03 1.000e-06 2.508e-01
9000 2.700e-05 7.020e-04 2.394e-01 4.125e-03 1.004e-03 4.403e-03 1.000e-06 2.506e-01
10000 1.900e-05 8.100e-04 2.392e-01 4.125e-03 1.001e-03 4.408e-03 1.000e-06 2.505e-01
20000 1.700e-05 1.037e-03 2.392e-01 4.129e-03 1.002e-03 4.409e-03 1.000e-06 2.507e-01
30000 2.300e-05 1.366e-03 2.396e-01 4.132e-03 9.990e-04 4.411e-03 1.000e-06 2.514e-01
40000 2.100e-05 1.486e-03 2.393e-01 4.133e-03 9.970e-04 4.409e-03 2.000e-06 2.513e-01
50000 2.100e-05 1.782e-03 2.395e-01 4.134e-03 9.990e-04 4.410e-03 2.000e-06 2.518e-01
60000 2.000e-05 2.020e-03 2.397e-01 4.136e-03 9.990e-04 4.414e-03 2.000e-06 2.522e-01
70000 2.200e-05 2.285e-03 2.396e-01 4.135e-03 9.990e-04 4.432e-03 2.000e-06 2.524e-01
80000 2.000e-05 2.418e-03 2.396e-01 4.137e-03 9.980e-04 4.408e-03 1.000e-06 2.524e-01
90000 1.900e-05 2.719e-03 2.398e-01 4.150e-03 9.990e-04 4.413e-03 1.000e-06 2.529e-01
100000 1.900e-05 2.860e-03 2.399e-01 4.134e-03 1.000e-03 4.410e-03 2.000e-06 2.532e-01
200000 5.300e-05 5.729e-03 2.418e-01 4.132e-03 9.960e-04 4.410e-03 1.000e-06 2.580e-01
300000 5.100e-05 9.661e-03 2.445e-01 4.136e-03 9.990e-04 4.409e-03 2.000e-06 2.646e-01
