1000 2.700e-05 1.420e-04 6.934e-02 4.461e-03 1.079e-03 4.769e-03 1.000e-06 8.076e-02
2000 2.900e-05 2.650e-04 6.944e-02 4.460e-03 1.080e-03 4.785e-03 1.000e-06 8.094e-02
3000 2.800e-05 3.900e-04 6.936e-02 4.459e-03 1.080e-03 4.770e-03 1.000e-06 8.096e-02
4000 2.600e-05 3.980e-04 6.938e-02 4.478e-03 1.079e-03 4.772e-03 1.000e-06 8.102e-02
5000 2.800e-05 5.180e-04 6.934e-02 4.465e-03 1.084e-03 4.769e-03 1.000e-06 8.108e-02
6000 3.100e-05 5.370e-04 6.936e-02 4.472e-03 1.085e-03 4.772e-03 2.000e-06 8.113e-02
7000 3.200e-05 5.520e-04 6.940e-02 4.464e-03 1.088e-03 4.772e-03 2.000e-06 8.119e-02
8000 2.800e-05 4.680e-04 6.938e-02 4.462e-03 1.081e-03 4.772e-03 1.000e-06 8.107e-02
9000 6.300e-05 4.510e-04 6.940e-02 4.461e-03 1.091e-03 4.771e-03 1.000e-06 8.108e-02
10000 2.900e-05 5.210e-04 6.939e-02 4.462e-03 1.078e-03 4.771e-03 2.000e-06 8.113e-02
20000 3.000e-05 6.590e-04 6.937e-02 4.464e-03 1.079e-03 4.773e-03 2.000e-06 8.126e-02
30000 2.600e-05 8.920e-04 6.937e-02 4.470e-03 1.085e-03 4.774e-03 2.000e-06 8.151e-02
40000 3.200e-05 9.170e-04 6.948e-02 4.469e-03 1.082e-03 4.772e-03 2.000e-06 8.164e-02
50000 6.300e-05 1.127e-03 6.945e-02 4.468e-03 1.085e-03 4.769e-03 2.000e-06 8.182e-02
60000 2.900e-05 1.301e-03 6.952e-02 4.470e-03 1.081e-03 4.772e-03 1.000e-06 8.207e-02
70000 2.200e-05 1.338e-03 6.956e-02 4.469e-03 1.081e-03 4.786e-03 1.000e-06 8.217e-02
80000 2.900e-05 1.561e-03 6.951e-02 4.470e-03 1.078e-03 4.773e-03 2.000e-06 8.232e-02
90000 3.000e-05 1.702e-03 6.959e-02 4.501e-03 1.083e-03 4.770e-03 1.000e-06 8.257e-02
100000 5.900e-05 1.789e-03 6.963e-02 4.471e-03 1.081e-03 4.772e-03 2.000e-06 8.267e-02
200000 6.000e-05 3.279e-03 7.058e-02 4.469e-03 1.088e-03 4.772e-03 2.000e-06 8.510e-02
300000 6.000e-05 5.083e-03 7.170e-02 4.472e-03 1.081e-03 4.773e-03 1.000e-06 8.803e-02
