1000 1.800e-05 1.830e-04 2.395e-01 4.128e-03 1.003e-03 4.455e-03 1.000e-06 2.501e-01
2000 2.300e-05 5.270e-04 2.392e-01 4.138e-03 1.007e-03 4.408e-03 1.000e-06 2.502e-01
3000 2.200e-05 5.630e-04 2.393e-01 4.127e-03 1.006e-03 4.407e-03 1.000e-06 2.503e-01
4000 2.000e-05 5.710e-04 2.394e-01 4.127e-03 9.950e-04 4.409e-03 2.000e-06 2.504e-01
5000 2.200e-05 5.930e-04 2.395e-01 4.152e-03 1.003e-03 4.410e-03 1.000e-06 2.505e-01
6000 2.300e-05 7.210e-04 2.392e-01 4.128e-03 9.990e-04 4.408e-03 1.000e-06 2.504e-01
7000 2.000e-05 7.650e-04 2.396e-01 4.125e-03 1.001e-03 4.407e-03 1.000e-06 2.507e-01
8000 2.300e-05 7.890e-04 2.394e-01 4.131e-03 1.000e-03 4.410e-03 2.000e-06 2.506e-01
9000 2.100e-05 7.020e-04 2.392e-01 4.126e-03 1.003e-03 4.406e-03 2.000e-06 2.504e-01
10000 2.300e-05 8.030e-04 2.393e-01 4.130e-03 9.980e-04 4.410e-03 1.000e-06 2.506e-01
20000 2.000e-05 1.057e-03 2.394e-01 4.130e-03 9.980e-04 4.410e-03 1.000e-06 2.509e-01
30000 1.700e-05 1.381e-03 2.396e-01 4.130e-03 9.980e-04 4.410e-03 1.000e-06 2.515e-01
40000 2.100e-05 1.486e-03 2.390e-01 4.140e-03 9.980e-04 4.407e-03 1.000e-06 2.510e-01
50000 2.100e-05 1.775e-03 2.394e-01 4.132e-03 9.950e-04 4.407e-03 1.000e-06 2.516e-01
60000 5.200e-05 1.968e-03 2.396e-01 4.135e-03 9.980e-04 4.409e-03 1.000e-06 2.520e-01
70000 5.300e-05 2.212e-03 2.398e-01 4.138e-03 9.970e-04 4.447e-03 1.000e-06 2.525e-01
80000 1.900e-05 2.431e-03 2.395e-01 4.138e-03 9.970e-04 4.409e-03 1.000e-06 2.524e-01
90000 4.700e-05 2.643e-03 2.398e-01 4.136e-03 1.003e-03 4.410e-03 1.000e-06 2.529e-01
100000 2.000e-05 2.879e-03 2.399e-01 4.161e-03 9.970e-04 4.409e-03 1.000e-06 2.533e-01
200000 5.300e-05 5.672e-03 2.416e-01 4.137e-03 1.005e-03 4.408e-03 1.000e-06 2.578e-01
300000 5.100e-05 9.711e-03 2.446e-01 4.135e-03 1.002e-03 4.408e-03 1.000e-06 2.648e-01
