1000 2.000e-05 1.820e-04 2.393e-01 4.122e-03 9.940e-04 4.404e-03 2.000e-06 2.499e-01
2000 1.900e-05 5.320e-04 2.393e-01 4.130e-03 9.990e-04 4.409e-03 2.000e-06 2.502e-01
3000 2.400e-05 5.600e-04 2.393e-01 4.124e-03 1.001e-03 4.409e-03 2.000e-06 2.503e-01
4000 1.900e-05 5.760e-04 2.394e-01 4.128e-03 1.000e-03 4.408e-03 2.000e-06 2.504e-01
5000 2.100e-05 5.940e-04 2.392e-01 4.127e-03 1.002e-03 4.407e-03 1.000e-06 2.502e-01
6000 2.100e-05 7.260e-04 2.395e-01 4.130e-03 1.007e-03 4.411e-03 2.000e-06 2.507e-01
7000 1.800e-05 7.520e-04 2.393e-01 4.125e-03 1.013e-03 4.409e-03 1.000e-06 2.505e-01
8000 2.000e-05 7.900e-04 2.391e-01 4.126e-03 9.980e-04 4.408e-03 2.000e-06 2.503e-01
9000 2.300e-05 7.000e-04 2.391e-01 4.128e-03 9.950e-04 4.408e-03 2.000e-06 2.503e-01
10000 2.200e-05 8.100e-04 2.394e-01 4.129e-03 1.000e-03 4.407e-03 2.000e-06 2.508e-01
20000 1.500e-05 1.060e-03 2.393e-01 4.129e-03 1.001e-03 4.419e-03 1.000e-06 2.508e-01
30000 1.800e-05 1.349e-03 2.394e-01 4.148e-03 9.970e-04 4.408e-03 2.000e-06 2.512e-01
40000 5.500e-05 1.463e-03 2.393e-01 4.132e-03 1.000e-03 4.408e-03 1.000e-06 2.512e-01
50000 2.000e-05 1.772e-03 2.394e-01 4.137e-03 1.000e-03 4.410e-03 1.000e-06 2.516e-01
60000 5.200e-05 1.946e-03 2.395e-01 4.148e-03 9.990e-04 4.409e-03 1.000e-06 2.519e-01
70000 2.000e-05 2.235e-03 2.397e-01 4.137e-03 1.000e-03 4.410e-03 1.000e-06 2.524e-01
80000 2.100e-05 2.523e-03 2.397e-01 4.136e-03 9.980e-04 4.412e-03 1.000e-06 2.527e-01
90000 5.300e-05 2.596e-03 2.399e-01 4.134e-03 9.970e-04 4.408e-03 1.000e-06 2.529e-01
100000 5.100e-05 2.814e-03 2.401e-01 4.134e-03 1.000e-03 4.410e-03 1.000e-06 2.534e-01
200000 5.400e-05 5.729e-03 2.415e-01 4.136e-03 1.002e-03 4.407e-03 1.000e-06 2.577e-01
300000 5.500e-05 9.661e-03 2.444e-01 4.135e-03 1.001e-03 4.408e-03 1.000e-06 2.646e-01
