1000 2.800e-05 1.320e-04 6.944e-02 4.462e-03 1.081e-03 4.802e-03 2.000e-06 8.084e-02
2000 2.900e-05 2.660e-04 6.930e-02 4.460e-03 1.087e-03 4.767e-03 1.000e-06 8.078e-02
3000 3.100e-05 3.900e-04 6.928e-02 4.457e-03 1.078e-03 4.766e-03 1.000e-06 8.088e-02
4000 3.000e-05 3.940e-04 6.940e-02 4.465e-03 1.080e-03 4.814e-03 1.000e-06 8.106e-02
5000 2.800e-05 5.190e-04 6.935e-02 4.460e-03 1.081e-03 4.769e-03 1.000e-06 8.115e-02
6000 2.800e-05 5.340e-04 6.925e-02 4.462e-03 1.078e-03 4.769e-03 1.000e-06 8.101e-02
7000 3.000e-05 5.460e-04 6.931e-02 4.460e-03 1.077e-03 4.769e-03 1.000e-06 8.107e-02
8000 2.700e-05 4.640e-04 6.928e-02 4.462e-03 1.079e-03 4.768e-03 2.000e-06 8.102e-02
9000 6.000e-05 4.480e-04 6.929e-02 4.462e-03 1.086e-03 4.767e-03 1.000e-06 8.095e-02
10000 2.900e-05 5.250e-04 6.930e-02 4.472e-03 1.078e-03 4.770e-03 1.000e-06 8.106e-02
20000 3.000e-05 6.590e-04 6.939e-02 4.462e-03 1.080e-03 4.771e-03 1.000e-06 8.127e-02
30000 6.100e-05 8.430e-04 6.941e-02 4.473e-03 1.090e-03 4.772e-03 2.000e-06 8.150e-02
40000 2.100e-05 9.180e-04 6.939e-02 4.466e-03 1.078e-03 4.769e-03 1.000e-06 8.155e-02
50000 2.200e-05 1.174e-03 6.947e-02 4.468e-03 1.080e-03 4.769e-03 2.000e-06 8.189e-02
60000 2.900e-05 1.309e-03 6.962e-02 4.495e-03 1.083e-03 4.777e-03 2.000e-06 8.222e-02
70000 6.700e-05 1.320e-03 6.939e-02 4.466e-03 1.084e-03 4.767e-03 1.000e-06 8.199e-02
80000 2.800e-05 1.558e-03 6.947e-02 4.469e-03 1.079e-03 4.771e-03 1.000e-06 8.228e-02
90000 2.800e-05 1.757e-03 6.954e-02 4.469e-03 1.080e-03 4.769e-03 1.000e-06 8.254e-02
100000 6.100e-05 1.813e-03 6.964e-02 4.471e-03 1.081e-03 4.771e-03 1.000e-06 8.275e-02
200000 6.100e-05 3.279e-03 7.045e-02 4.469e-03 1.081e-03 4.769e-03 1.000e-06 8.496e-02
300000 6.400e-05 5.125e-03 7.179e-02 4.469e-03 1.086e-03 4.770e-03 2.000e-06 8.815e-02
