1000 1.700e-05 1.290e-04 6.945e-02 4.463e-03 1.081e-03 4.771e-03 2.000e-06 8.080e-02
2000 2.600e-05 2.620e-04 6.931e-02 4.459e-03 1.076e-03 4.769e-03 1.000e-06 8.084e-02
3000 2.900e-05 3.880e-04 6.930e-02 4.461e-03 1.076e-03 4.804e-03 2.000e-06 8.095e-02
4000 2.900e-05 3.980e-04 6.936e-02 4.464e-03 1.082e-03 4.768e-03 1.000e-06 8.099e-02
5000 2.700e-05 5.150e-04 6.935e-02 4.460e-03 1.082e-03 4.767e-03 2.000e-06 8.108e-02
6000 2.900e-05 5.280e-04 6.943e-02 4.469e-03 1.082e-03 4.772e-03 2.000e-06 8.119e-02
7000 2.800e-05 5.520e-04 6.937e-02 4.467e-03 1.080e-03 4.769e-03 1.000e-06 8.115e-02
8000 3.000e-05 4.610e-04 6.935e-02 4.462e-03 1.080e-03 4.773e-03 2.000e-06 8.103e-02
9000 2.900e-05 4.760e-04 6.938e-02 4.486e-03 1.083e-03 4.769e-03 2.000e-06 8.111e-02
10000 2.700e-05 5.240e-04 6.934e-02 4.461e-03 1.078e-03 4.767e-03 1.000e-06 8.108e-02
20000 2.800e-05 6.570e-04 6.943e-02 4.461e-03 1.080e-03 4.769e-03 2.000e-06 8.131e-02
30000 2.900e-05 8.870e-04 6.936e-02 4.473e-03 1.083e-03 4.777e-03 2.000e-06 8.151e-02
40000 2.600e-05 9.240e-04 6.943e-02 4.484e-03 1.083e-03 4.777e-03 2.000e-06 8.162e-02
50000 6.100e-05 1.194e-03 6.946e-02 4.469e-03 1.079e-03 4.770e-03 2.000e-06 8.189e-02
60000 2.600e-05 1.293e-03 6.957e-02 4.469e-03 1.081e-03 4.770e-03 1.000e-06 8.210e-02
70000 2.800e-05 1.340e-03 6.962e-02 4.471e-03 1.082e-03 4.771e-03 2.000e-06 8.221e-02
80000 2.900e-05 1.556e-03 6.963e-02 4.470e-03 1.083e-03 4.772e-03 2.000e-06 8.243e-02
90000 2.900e-05 1.707e-03 6.968e-02 4.471e-03 1.084e-03 4.772e-03 1.000e-06 8.264e-02
100000 2.800e-05 1.837e-03 6.962e-02 4.470e-03 1.082e-03 4.768e-03 1.000e-06 8.274e-02
200000 6.200e-05 3.255e-03 7.040e-02 4.468e-03 1.087e-03 4.773e-03 2.000e-06 8.490e-02
300000 5.900e-05 5.029e-03 7.163e-02 4.470e-03 1.081e-03 4.770e-03 1.000e-06 8.790e-02
