1000 2.600e-05 1.940e-04 2.534e-01 4.128e-03 9.980e-04 4.409e-03 2.000e-06 2.641e-01
2000 1.400e-05 5.270e-04 2.392e-01 4.162e-03 9.970e-04 4.405e-03 1.000e-06 2.502e-01
3000 2.000e-05 5.610e-04 2.393e-01 4.124e-03 9.990e-04 4.407e-03 1.000e-06 2.503e-01
4000 5.300e-05 5.460e-04 2.394e-01 4.130e-03 1.002e-03 4.408e-03 2.000e-06 2.504e-01
5000 2.500e-05 5.930e-04 2.395e-01 4.129e-03 1.009e-03 4.410e-03 1.000e-06 2.505e-01
6000 1.900e-05 7.310e-04 2.393e-01 4.127e-03 9.980e-04 4.406e-03 2.000e-06 2.505e-01
7000 2.000e-05 8.120e-04 2.393e-01 4.129e-03 9.980e-04 4.410e-03 2.000e-06 2.506e-01
8000 2.300e-05 7.830e-04 2.394e-01 4.125e-03 9.970e-04 4.423e-03 1.000e-06 2.506e-01
9000 1.500e-05 7.000e-04 2.391e-01 4.128e-03 9.990e-04 4.408e-03 2.000e-06 2.502e-01
10000 2.000e-05 8.070e-04 2.392e-01 4.124e-03 9.930e-04 4.427e-03 1.000e-06 2.504e-01
20000 2.000e-05 1.044e-03 2.395e-01 4.159e-03 1.004e-03 4.409e-03 1.000e-06 2.510e-01
30000 5.200e-05 1.326e-03 2.394e-01 4.148e-03 9.980e-04 4.407e-03 2.000e-06 2.512e-01
40000 1.900e-05 1.509e-03 2.394e-01 4.136e-03 1.005e-03 4.409e-03 2.000e-06 2.513e-01
50000 1.900e-05 1.812e-03 2.396e-01 4.135e-03 9.950e-04 4.443e-03 2.000e-06 2.519e-01
60000 2.100e-05 2.002e-03 2.395e-01 4.151e-03 1.001e-03 4.408e-03 2.000e-06 2.519e-01
70000 2.000e-05 2.242e-03 2.395e-01 4.135e-03 9.990e-04 4.409e-03 2.000e-06 2.522e-01
80000 2.000e-05 2.467e-03 2.398e-01 4.147e-03 9.960e-04 4.410e-03 1.000e-06 2.527e-01
90000 5.300e-05 2.668e-03 2.397e-01 4.151e-03 9.970e-04 4.409e-03 1.000e-06 2.528e-01
100000 2.200e-05 2.892e-03 2.399e-01 4.136e-03 1.003e-03 4.410e-03 2.000e-06 2.532e-01
200000 5.200e-05 5.657e-03 2.426e-01 4.135e-03 1.002e-03 4.408e-03 2.000e-06 2.588e-01
300000 5.300e-05 9.751e-03 2.446e-01 4.138e-03 1.002e-03 4.410e-03 1.000e-06 2.648e-01
