1000 3.100e-05 1.310e-04 6.935e-02 4.469e-03 1.082e-03 4.771e-03 1.000e-06 8.071e-02
2000 2.900e-05 2.650e-04 6.938e-02 4.460e-03 1.083e-03 4.771e-03 2.000e-06 8.086e-02
3000 3.000e-05 3.920e-04 6.935e-02 4.485e-03 1.080e-03 4.768e-03 1.000e-06 8.099e-02
4000 2.700e-05 4.010e-04 6.936e-02 4.460e-03 1.084e-03 4.769e-03 2.000e-06 8.098e-02
5000 2.800e-05 5.150e-04 6.933e-02 4.463e-03 1.081e-03 4.770e-03 1.000e-06 8.110e-02
6000 2.800e-05 5.310e-04 6.939e-02 4.464e-03 1.088e-03 4.772e-03 2.000e-06 8.115e-02
7000 3.200e-05 5.510e-04 6.934e-02 4.480e-03 1.081e-03 4.770e-03 1.000e-06 8.114e-02
8000 2.900e-05 4.610e-04 6.935e-02 4.469e-03 1.084e-03 4.775e-03 2.000e-06 8.105e-02
9000 2.800e-05 4.770e-04 6.922e-02 4.461e-03 1.082e-03 4.769e-03 1.000e-06 8.091e-02
10000 2.800e-05 5.170e-04 6.932e-02 4.461e-03 1.077e-03 4.769e-03 1.000e-06 8.106e-02
20000 2.400e-05 6.530e-04 6.934e-02 4.462e-03 1.077e-03 4.770e-03 2.000e-06 8.122e-02
30000 3.000e-05 8.960e-04 6.944e-02 4.466e-03 1.083e-03 4.793e-03 1.000e-06 8.159e-02
40000 2.800e-05 9.210e-04 6.945e-02 4.477e-03 1.080e-03 4.775e-03 2.000e-06 8.170e-02
50000 2.400e-05 1.172e-03 6.944e-02 4.468e-03 1.079e-03 4.771e-03 2.000e-06 8.185e-02
60000 2.800e-05 1.301e-03 6.948e-02 4.468e-03 1.087e-03 4.770e-03 1.000e-06 8.203e-02
70000 2.800e-05 1.324e-03 6.956e-02 4.468e-03 1.078e-03 4.771e-03 1.000e-06 8.212e-02
80000 2.900e-05 1.564e-03 6.956e-02 4.490e-03 1.079e-03 4.772e-03 1.000e-06 8.239e-02
90000 2.900e-05 1.698e-03 6.963e-02 4.470e-03 1.077e-03 4.773e-03 2.000e-06 8.257e-02
100000 6.100e-05 1.787e-03 6.969e-02 4.469e-03 1.085e-03 4.771e-03 2.000e-06 8.271e-02
200000 2.700e-05 3.307e-03 7.053e-02 4.470e-03 1.084e-03 4.772e-03 1.000e-06 8.509e-02
300000 5.800e-05 5.050e-03 7.182e-02 4.483e-03 1.079e-03 4.771e-03 1.000e-06 8.811e-02
