1000 2.700e-05 1.320e-04 6.940e-02 4.462e-03 1.079e-03 4.770e-03 2.000e-06 8.075e-02
2000 3.000e-05 2.650e-04 6.932e-02 4.461e-03 1.077e-03 4.802e-03 1.000e-06 8.084e-02
3000 2.900e-05 3.880e-04 6.928e-02 4.481e-03 1.082e-03 4.767e-03 2.000e-06 8.090e-02
4000 3.000e-05 4.030e-04 6.930e-02 4.463e-03 1.078e-03 4.767e-03 1.000e-06 8.092e-02
5000 2.800e-05 5.080e-04 6.933e-02 4.461e-03 1.081e-03 4.770e-03 1.000e-06 8.112e-02
6000 3.100e-05 5.290e-04 6.927e-02 4.464e-03 1.081e-03 4.775e-03 2.000e-06 8.103e-02
7000 3.200e-05 5.480e-04 6.938e-02 4.462e-03 1.078e-03 4.771e-03 2.000e-06 8.115e-02
8000 3.100e-05 4.690e-04 6.939e-02 4.464e-03 1.086e-03 4.771e-03 1.000e-06 8.109e-02
9000 2.800e-05 4.760e-04 6.930e-02 4.474e-03 1.080e-03 4.768e-03 1.000e-06 8.100e-02
10000 2.700e-05 5.320e-04 6.948e-02 4.462e-03 1.080e-03 4.769e-03 1.000e-06 8.123e-02
20000 2.600e-05 6.560e-04 6.933e-02 4.460e-03 1.086e-03 4.769e-03 1.000e-06 8.121e-02
30000 2.900e-05 8.840e-04 6.932e-02 4.460e-03 1.079e-03 4.772e-03 2.000e-06 8.143e-02
40000 2.700e-05 9.200e-04 6.952e-02 4.492e-03 1.088e-03 4.806e-03 2.000e-06 8.176e-02
50000 2.700e-05 1.162e-03 6.949e-02 4.469e-03 1.082e-03 4.773e-03 1.000e-06 8.191e-02
60000 2.800e-05 1.300e-03 6.955e-02 4.469e-03 1.083e-03 4.772e-03 1.000e-06 8.210e-02
70000 5.800e-05 1.310e-03 6.953e-02 4.481e-03 1.080e-03 4.770e-03 1.000e-06 8.209e-02
80000 2.900e-05 1.590e-03 6.957e-02 4.471e-03 1.086e-03 4.774e-03 1.000e-06 8.241e-02
90000 6.300e-05 1.654e-03 6.969e-02 4.485e-03 1.079e-03 4.772e-03 1.000e-06 8.260e-02
100000 6.200e-05 1.826e-03 6.968e-02 4.469e-03 1.086e-03 4.770e-03 2.000e-06 8.275e-02
200000 5.900e-05 3.306e-03 7.040e-02 4.468e-03 1.080e-03 4.770e-03 2.000e-06 8.494e-02
300000 6.000e-05 5.062e-03 7.184e-02 4.478e-03 1.083e-03 4.770e-03 1.000e-06 8.817e-02
