1000 2.000e-05 5.230e-04 4.241e-03 2.930e-04 9.000e-05 2.110e-04 2.000e-06 5.578e-03
2000 2.100e-05 4.880e-04 4.244e-03 2.860e-04 9.300e-05 2.150e-04 2.000e-06 5.548e-03
3000 2.300e-05 4.990e-04 4.253e-03 2.870e-04 8.900e-05 2.070e-04 2.000e-06 5.554e-03
4000 2.200e-05 5.080e-04 4.283e-03 2.920e-04 9.300e-05 2.100e-04 2.000e-06 5.602e-03
5000 2.200e-05 6.480e-04 4.306e-03 2.900e-04 9.000e-05 2.100e-04 2.000e-06 5.766e-03
6000 2.500e-05 7.710e-04 4.342e-03 2.940e-04 8.900e-05 2.160e-04 2.000e-06 5.933e-03
7000 2.100e-05 8.100e-04 4.374e-03 2.940e-04 9.100e-05 2.160e-04 2.000e-06 6.006e-03
8000 1.800e-05 8.340e-04 4.405e-03 2.850e-04 8.900e-05 2.110e-04 2.000e-06 6.047e-03
9000 2.200e-05 8.720e-04 4.456e-03 2.900e-04 8.800e-05 2.080e-04 2.000e-06 6.133e-03
10000 2.300e-05 9.710e-04 4.511e-03 3.000e-04 8.800e-05 2.140e-04 2.000e-06 6.307e-03
20000 2.400e-05 1.450e-03 5.272e-03 2.910e-04 9.200e-05 2.130e-04 2.000e-06 7.543e-03
30000 2.900e-05 2.708e-03 6.909e-03 3.070e-04 9.800e-05 2.280e-04 1.000e-06 1.049e-02
40000 2.800e-05 4.186e-03 8.392e-03 3.120e-04 9.200e-05 2.160e-04 2.000e-06 1.345e-02
50000 3.100e-05 5.577e-03 9.943e-03 3.090e-04 9.400e-05 2.280e-04 2.000e-06 1.640e-02
60000 3.100e-05 7.346e-03 1.187e-02 3.060e-04 9.500e-05 2.200e-04 2.000e-06 2.009e-02
70000 3.000e-05 8.879e-03 1.377e-02 3.090e-04 1.050e-04 2.190e-04 2.000e-06 2.354e-02
80000 6.000e-05 1.057e-02 1.583e-02 2.650e-04 9.400e-05 1.950e-04 2.000e-06 2.720e-02
90000 3.000e-05 1.241e-02 1.798e-02 3.080e-04 9.600e-05 2.220e-04 2.000e-06 3.127e-02
100000 2.700e-05 1.404e-02 2.000e-02 3.050e-04 9.500e-05 2.180e-04 2.000e-06 3.491e-02
200000 2.600e-05 3.309e-02 4.156e-02 2.470e-04 9.600e-05 1.740e-04 2.000e-06 7.541e-02
300000 6.000e-05 5.228e-02 6.513e-02 2.630e-04 9.300e-05 1.780e-04 1.000e-06 1.182e-01
