1000 3.100e-05 4.420e-04 1.482e-03 2.930e-04 9.500e-05 2.120e-04 2.000e-06 2.754e-03
2000 2.700e-05 3.830e-04 1.482e-03 2.890e-04 9.300e-05 2.170e-04 1.000e-06 2.692e-03
3000 3.000e-05 3.740e-04 1.494e-03 2.850e-04 9.500e-05 2.120e-04 2.000e-06 2.689e-03
4000 2.300e-05 3.880e-04 1.501e-03 2.910e-04 9.600e-05 2.100e-04 2.000e-06 2.712e-03
5000 3.000e-05 3.910e-04 1.519e-03 2.890e-04 9.700e-05 2.170e-04 2.000e-06 2.743e-03
6000 2.700e-05 4.030e-04 1.532e-03 2.970e-04 9.400e-05 2.200e-04 2.000e-06 2.774e-03
7000 2.700e-05 3.210e-04 1.551e-03 2.950e-04 9.200e-05 2.190e-04 2.000e-06 2.706e-03
8000 2.400e-05 4.440e-04 1.574e-03 2.900e-04 9.600e-05 2.240e-04 2.000e-06 2.861e-03
9000 2.600e-05 4.590e-04 1.602e-03 2.930e-04 9.600e-05 2.130e-04 2.000e-06 2.894e-03
10000 2.800e-05 5.110e-04 1.629e-03 2.870e-04 9.500e-05 2.130e-04 2.000e-06 2.968e-03
20000 2.300e-05 8.070e-04 2.028e-03 3.030e-04 9.400e-05 2.150e-04 2.000e-06 3.681e-03
30000 2.900e-05 1.113e-03 2.648e-03 2.970e-04 1.000e-04 2.200e-04 2.000e-06 4.617e-03
40000 2.700e-05 1.601e-03 3.355e-03 3.090e-04 9.400e-05 2.230e-04 2.000e-06 5.834e-03
50000 2.500e-05 1.982e-03 4.172e-03 3.090e-04 9.400e-05 2.180e-04 2.000e-06 7.023e-03
60000 2.700e-05 2.472e-03 5.060e-03 3.110e-04 9.500e-05 2.290e-04 2.000e-06 8.415e-03
70000 2.800e-05 2.842e-03 6.023e-03 3.120e-04 9.600e-05 2.180e-04 2.000e-06 9.739e-03
80000 2.400e-05 3.393e-03 7.109e-03 3.090e-04 9.700e-05 2.290e-04 2.000e-06 1.138e-02
90000 2.900e-05 3.968e-03 8.072e-03 3.140e-04 9.500e-05 2.170e-04 2.000e-06 1.291e-02
100000 2.900e-05 4.339e-03 9.109e-03 3.130e-04 9.500e-05 2.180e-04 2.000e-06 1.432e-02
200000 2.900e-05 9.611e-03 2.006e-02 2.500e-04 9.500e-05 1.740e-04 1.000e-06 3.043e-02
300000 6.000e-05 1.475e-02 3.104e-02 2.460e-04 9.400e-05 1.700e-04 1.000e-06 4.653e-02
