1000 2.600e-05 5.270e-04 4.346e-03 2.940e-04 9.300e-05 2.210e-04 2.000e-06 5.700e-03
2000 2.200e-05 5.000e-04 4.352e-03 2.850e-04 9.200e-05 2.090e-04 2.000e-06 5.659e-03
3000 2.400e-05 5.140e-04 4.366e-03 2.910e-04 8.900e-05 2.110e-04 2.000e-06 5.691e-03
4000 2.000e-05 5.170e-04 4.387e-03 2.900e-04 9.300e-05 2.140e-04 2.000e-06 5.723e-03
5000 2.200e-05 6.500e-04 4.416e-03 2.950e-04 9.300e-05 2.140e-04 1.000e-06 5.890e-03
6000 2.700e-05 7.830e-04 4.445e-03 2.900e-04 9.100e-05 2.130e-04 1.000e-06 6.047e-03
7000 2.400e-05 8.220e-04 4.481e-03 2.900e-04 9.200e-05 2.140e-04 2.000e-06 6.122e-03
8000 2.400e-05 8.470e-04 4.528e-03 2.940e-04 9.100e-05 2.120e-04 2.000e-06 6.195e-03
9000 2.500e-05 8.750e-04 4.570e-03 2.850e-04 9.300e-05 2.090e-04 7.000e-06 6.260e-03
10000 2.300e-05 9.960e-04 4.625e-03 2.880e-04 9.000e-05 2.100e-04 2.000e-06 6.431e-03
20000 2.400e-05 1.468e-03 5.417e-03 2.940e-04 9.200e-05 2.130e-04 2.000e-06 7.711e-03
30000 2.200e-05 2.626e-03 6.644e-03 3.030e-04 9.500e-05 2.100e-04 2.000e-06 1.011e-02
40000 1.800e-05 4.043e-03 8.084e-03 3.020e-04 9.300e-05 2.180e-04 2.000e-06 1.298e-02
50000 2.300e-05 5.437e-03 9.747e-03 3.110e-04 9.000e-05 2.130e-04 3.000e-06 1.604e-02
60000 2.600e-05 7.275e-03 1.115e-02 3.150e-04 9.200e-05 2.230e-04 1.000e-06 1.930e-02
70000 2.500e-05 8.678e-03 1.294e-02 3.060e-04 9.200e-05 2.150e-04 2.000e-06 2.247e-02
80000 2.400e-05 1.040e-02 1.488e-02 3.040e-04 9.400e-05 2.170e-04 2.000e-06 2.614e-02
90000 2.500e-05 1.218e-02 1.712e-02 3.050e-04 9.300e-05 2.240e-04 2.000e-06 3.017e-02
100000 2.200e-05 1.389e-02 1.888e-02 3.030e-04 9.200e-05 2.160e-04 2.000e-06 3.362e-02
200000 6.000e-05 3.217e-02 4.047e-02 2.520e-04 9.000e-05 1.600e-04 2.000e-06 7.336e-02
300000 5.500e-05 5.087e-02 6.080e-02 2.600e-04 8.800e-05 1.850e-04 2.000e-06 1.124e-01
