1000 2.200e-05 5.310e-04 4.347e-03 2.920e-04 9.000e-05 2.210e-04 2.000e-06 5.700e-03
2000 2.300e-05 5.060e-04 4.347e-03 2.870e-04 9.400e-05 2.090e-04 1.000e-06 5.665e-03
3000 2.400e-05 5.070e-04 4.368e-03 2.910e-04 9.100e-05 2.120e-04 2.000e-06 5.689e-03
4000 2.400e-05 5.190e-04 4.382e-03 2.930e-04 9.000e-05 2.170e-04 1.000e-06 5.725e-03
5000 1.800e-05 6.490e-04 4.416e-03 2.910e-04 9.100e-05 2.140e-04 2.000e-06 5.884e-03
6000 2.200e-05 7.870e-04 4.448e-03 2.900e-04 9.100e-05 2.110e-04 2.000e-06 6.051e-03
7000 2.400e-05 8.220e-04 4.481e-03 2.890e-04 9.400e-05 2.130e-04 2.000e-06 6.119e-03
8000 2.100e-05 8.480e-04 4.515e-03 2.870e-04 9.100e-05 2.110e-04 1.000e-06 6.176e-03
9000 2.500e-05 8.810e-04 4.568e-03 2.870e-04 9.200e-05 2.090e-04 2.000e-06 6.259e-03
10000 2.400e-05 9.900e-04 4.619e-03 2.900e-04 9.200e-05 2.150e-04 2.000e-06 6.428e-03
20000 2.100e-05 1.472e-03 5.430e-03 2.950e-04 9.400e-05 2.150e-04 2.000e-06 7.731e-03
30000 2.200e-05 2.631e-03 6.561e-03 3.000e-04 9.600e-05 2.180e-04 2.000e-06 1.004e-02
40000 2.300e-05 4.032e-03 7.983e-03 3.070e-04 9.200e-05 2.140e-04 2.000e-06 1.287e-02
50000 2.200e-05 5.532e-03 9.561e-03 3.060e-04 8.900e-05 2.180e-04 2.000e-06 1.595e-02
60000 2.200e-05 7.186e-03 1.115e-02 3.120e-04 9.300e-05 2.160e-04 2.000e-06 1.920e-02
70000 5.700e-05 8.572e-03 1.295e-02 2.540e-04 8.800e-05 1.800e-04 1.000e-06 2.227e-02
80000 2.500e-05 1.021e-02 1.509e-02 3.120e-04 9.000e-05 2.170e-04 1.000e-06 2.616e-02
90000 2.600e-05 1.224e-02 1.712e-02 3.020e-04 9.100e-05 2.160e-04 2.000e-06 3.020e-02
100000 2.600e-05 1.384e-02 1.912e-02 3.050e-04 9.100e-05 2.200e-04 1.000e-06 3.381e-02
200000 2.400e-05 3.246e-02 3.961e-02 2.590e-04 8.700e-05 1.830e-04 1.000e-06 7.283e-02
300000 5.200e-05 5.096e-02 6.072e-02 2.590e-04 9.000e-05 1.760e-04 1.000e-06 1.124e-01
