1000 2.900e-05 5.480e-04 4.558e-03 8.000e-06 4.550e-03 2.930e-04 9.800e-05 2.220e-04 2.000e-06 5.949e-03
2000 3.100e-05 5.210e-04 4.569e-03 8.000e-06 4.561e-03 2.900e-04 9.600e-05 2.200e-04 1.000e-06 5.925e-03
3000 2.600e-05 5.350e-04 4.592e-03 8.000e-06 4.584e-03 2.940e-04 9.700e-05 2.140e-04 2.000e-06 5.959e-03
4000 2.700e-05 5.400e-04 4.608e-03 8.000e-06 4.600e-03 2.850e-04 9.400e-05 2.150e-04 2.000e-06 5.978e-03
5000 2.800e-05 6.730e-04 4.631e-03 8.000e-06 4.623e-03 2.930e-04 9.300e-05 2.200e-04 1.000e-06 6.139e-03
6000 2.900e-05 8.030e-04 4.673e-03 8.000e-06 4.665e-03 2.910e-04 9.600e-05 2.140e-04 2.000e-06 6.314e-03
7000 2.900e-05 8.420e-04 4.707e-03 8.000e-06 4.699e-03 2.990e-04 9.400e-05 2.160e-04 2.000e-06 6.395e-03
8000 2.300e-05 8.690e-04 4.753e-03 7.000e-06 4.746e-03 2.900e-04 9.500e-05 2.140e-04 2.000e-06 6.453e-03
9000 2.900e-05 9.000e-04 4.805e-03 8.000e-06 4.797e-03 2.870e-04 9.600e-05 2.120e-04 2.000e-06 6.531e-03
10000 2.800e-05 1.012e-03 4.851e-03 7.000e-06 4.844e-03 2.890e-04 9.400e-05 2.130e-04 2.000e-06 6.689e-03
20000 3.100e-05 1.510e-03 5.682e-03 8.000e-06 5.674e-03 2.910e-04 9.500e-05 2.180e-04 2.000e-06 8.033e-03
30000 3.000e-05 2.711e-03 6.890e-03 8.000e-06 6.882e-03 3.000e-04 9.400e-05 2.200e-04 2.000e-06 1.046e-02
40000 2.900e-05 4.156e-03 8.383e-03 8.000e-06 8.375e-03 3.170e-04 1.000e-04 2.220e-04 1.000e-06 1.342e-02
50000 2.600e-05 5.579e-03 1.002e-02 7.000e-06 1.001e-02 3.060e-04 9.800e-05 2.230e-04 2.000e-06 1.647e-02
60000 2.800e-05 7.274e-03 1.169e-02 8.000e-06 1.168e-02 3.160e-04 9.800e-05 2.220e-04 2.000e-06 1.984e-02
70000 3.000e-05 8.873e-03 1.357e-02 8.000e-06 1.356e-02 3.080e-04 9.300e-05 2.190e-04 2.000e-06 2.331e-02
80000 2.900e-05 1.051e-02 1.584e-02 8.000e-06 1.583e-02 3.100e-04 1.000e-04 2.290e-04 2.000e-06 2.723e-02
90000 2.700e-05 1.236e-02 1.763e-02 8.000e-06 1.762e-02 3.120e-04 9.800e-05 2.260e-04 2.000e-06 3.088e-02
100000 2.900e-05 1.412e-02 1.974e-02 8.000e-06 1.973e-02 3.030e-04 9.500e-05 2.210e-04 1.000e-06 3.473e-02
200000 2.600e-05 3.306e-02 4.143e-02 6.000e-06 4.142e-02 2.550e-04 9.500e-05 1.740e-04 1.000e-06 7.526e-02
300000 6.200e-05 5.202e-02 6.492e-02 6.000e-06 6.492e-02 2.500e-04 9.200e-05 1.780e-04 1.000e-06 1.177e-01
