1000 2.900e-05 4.480e-04 1.480e-03 7.000e-06 1.473e-03 2.890e-04 9.400e-05 2.100e-04 2.000e-06 2.748e-03
2000 2.600e-05 3.840e-04 1.481e-03 8.000e-06 1.473e-03 2.900e-04 9.500e-05 2.130e-04 2.000e-06 2.693e-03
3000 2.600e-05 3.750e-04 1.494e-03 8.000e-06 1.486e-03 2.890e-04 9.300e-05 2.180e-04 2.000e-06 2.704e-03
4000 2.400e-05 3.860e-04 1.504e-03 8.000e-06 1.496e-03 2.910e-04 9.500e-05 2.170e-04 1.000e-06 2.723e-03
5000 3.000e-05 4.010e-04 1.515e-03 8.000e-06 1.507e-03 2.910e-04 9.900e-05 2.160e-04 2.000e-06 2.758e-03
6000 2.900e-05 4.040e-04 1.531e-03 8.000e-06 1.523e-03 2.890e-04 9.500e-05 2.220e-04 2.000e-06 2.769e-03
7000 3.000e-05 3.230e-04 1.551e-03 7.000e-06 1.544e-03 2.910e-04 9.400e-05 2.140e-04 2.000e-06 2.703e-03
8000 3.100e-05 4.450e-04 1.573e-03 7.000e-06 1.566e-03 2.900e-04 9.500e-05 2.170e-04 2.000e-06 2.855e-03
9000 2.800e-05 4.570e-04 1.597e-03 7.000e-06 1.590e-03 2.930e-04 9.300e-05 2.140e-04 2.000e-06 2.882e-03
10000 2.900e-05 5.110e-04 1.625e-03 8.000e-06 1.617e-03 2.880e-04 9.600e-05 2.210e-04 2.000e-06 2.973e-03
20000 2.500e-05 8.040e-04 2.043e-03 8.000e-06 2.035e-03 2.980e-04 9.400e-05 2.160e-04 2.000e-06 3.689e-03
30000 2.900e-05 1.105e-03 2.628e-03 8.000e-06 2.620e-03 2.980e-04 9.400e-05 2.150e-04 2.000e-06 4.578e-03
40000 2.900e-05 1.538e-03 3.380e-03 8.000e-06 3.372e-03 3.040e-04 9.600e-05 2.240e-04 2.000e-06 5.791e-03
50000 2.900e-05 1.990e-03 4.182e-03 8.000e-06 4.174e-03 3.060e-04 9.700e-05 2.190e-04 2.000e-06 7.043e-03
60000 2.600e-05 2.460e-03 5.067e-03 7.000e-06 5.060e-03 3.090e-04 9.500e-05 2.200e-04 2.000e-06 8.399e-03
70000 2.800e-05 2.868e-03 6.035e-03 8.000e-06 6.027e-03 3.040e-04 9.800e-05 2.140e-04 2.000e-06 9.766e-03
80000 3.000e-05 3.316e-03 6.994e-03 8.000e-06 6.986e-03 3.090e-04 9.600e-05 2.170e-04 2.000e-06 1.118e-02
90000 2.700e-05 3.886e-03 8.068e-03 8.000e-06 8.060e-03 3.040e-04 1.000e-04 2.240e-04 1.000e-06 1.283e-02
100000 2.800e-05 4.338e-03 9.101e-03 8.000e-06 9.093e-03 3.110e-04 9.600e-05 2.190e-04 1.000e-06 1.431e-02
200000 3.200e-05 9.527e-03 2.002e-02 9.000e-06 2.001e-02 2.620e-04 9.200e-05 1.730e-04 1.000e-06 3.032e-02
300000 5.600e-05 1.492e-02 3.121e-02 6.000e-06 3.121e-02 2.580e-04 9.500e-05 1.910e-04 2.000e-06 4.691e-02
