1000 2.800e-05 4.440e-04 1.481e-03 2.900e-04 9.700e-05 2.190e-04 2.000e-06 2.759e-03
2000 2.800e-05 3.830e-04 1.484e-03 2.930e-04 9.300e-05 2.150e-04 2.000e-06 2.696e-03
3000 2.900e-05 3.760e-04 1.495e-03 2.870e-04 9.700e-05 2.160e-04 2.000e-06 2.700e-03
4000 2.800e-05 3.860e-04 1.507e-03 2.890e-04 1.000e-04 2.160e-04 2.000e-06 2.727e-03
5000 3.200e-05 4.040e-04 1.518e-03 2.890e-04 9.300e-05 2.160e-04 2.000e-06 2.748e-03
6000 2.600e-05 4.140e-04 1.535e-03 2.890e-04 9.600e-05 2.130e-04 2.000e-06 2.777e-03
7000 3.000e-05 3.210e-04 1.554e-03 2.980e-04 9.700e-05 2.160e-04 1.000e-06 2.716e-03
8000 3.000e-05 4.440e-04 1.577e-03 2.920e-04 9.400e-05 2.130e-04 2.000e-06 2.851e-03
9000 2.800e-05 4.650e-04 1.602e-03 3.020e-04 9.500e-05 2.150e-04 2.000e-06 2.910e-03
10000 3.000e-05 5.130e-04 1.630e-03 2.870e-04 9.500e-05 2.160e-04 2.000e-06 2.974e-03
20000 2.900e-05 8.110e-04 2.033e-03 2.910e-04 1.050e-04 2.250e-04 2.000e-06 3.699e-03
30000 2.700e-05 1.123e-03 2.624e-03 3.130e-04 9.400e-05 2.190e-04 2.000e-06 4.612e-03
40000 3.000e-05 1.565e-03 3.357e-03 3.080e-04 9.400e-05 2.260e-04 2.000e-06 5.796e-03
50000 3.000e-05 2.009e-03 4.173e-03 3.090e-04 9.400e-05 2.220e-04 2.000e-06 7.055e-03
60000 3.200e-05 2.471e-03 5.075e-03 3.080e-04 1.010e-04 2.160e-04 2.000e-06 8.421e-03
70000 2.600e-05 2.858e-03 6.033e-03 3.150e-04 9.500e-05 2.350e-04 2.000e-06 9.785e-03
80000 2.600e-05 3.354e-03 7.021e-03 3.120e-04 9.400e-05 2.220e-04 2.000e-06 1.125e-02
90000 2.500e-05 3.903e-03 8.069e-03 3.160e-04 9.400e-05 2.210e-04 2.000e-06 1.285e-02
100000 3.200e-05 4.302e-03 9.283e-03 3.120e-04 9.700e-05 2.170e-04 2.000e-06 1.446e-02
200000 2.500e-05 9.562e-03 2.001e-02 2.510e-04 9.300e-05 1.790e-04 2.000e-06 3.033e-02
300000 6.400e-05 1.466e-02 3.127e-02 2.520e-04 9.800e-05 1.810e-04 2.000e-06 4.670e-02
