1000 2.800e-05 4.540e-04 1.483e-03 2.930e-04 9.600e-05 2.160e-04 2.000e-06 2.771e-03
2000 2.300e-05 3.780e-04 1.485e-03 2.890e-04 9.300e-05 2.120e-04 2.000e-06 2.686e-03
3000 2.800e-05 3.810e-04 1.495e-03 2.920e-04 9.600e-05 2.190e-04 2.000e-06 2.715e-03
4000 2.700e-05 3.900e-04 1.504e-03 2.910e-04 9.400e-05 2.190e-04 2.000e-06 2.729e-03
5000 2.800e-05 3.950e-04 1.516e-03 2.830e-04 9.700e-05 2.080e-04 2.000e-06 2.729e-03
6000 3.000e-05 4.040e-04 1.529e-03 2.850e-04 9.600e-05 2.110e-04 1.000e-06 2.756e-03
7000 2.800e-05 3.250e-04 1.552e-03 2.910e-04 9.400e-05 2.150e-04 2.000e-06 2.710e-03
8000 3.000e-05 4.430e-04 1.581e-03 2.980e-04 9.800e-05 2.270e-04 2.000e-06 2.879e-03
9000 3.200e-05 4.580e-04 1.603e-03 2.960e-04 9.500e-05 2.170e-04 2.000e-06 2.898e-03
10000 2.700e-05 5.080e-04 1.630e-03 2.960e-04 9.500e-05 2.180e-04 2.000e-06 2.978e-03
20000 2.900e-05 8.060e-04 2.034e-03 2.910e-04 9.400e-05 2.250e-04 2.000e-06 3.682e-03
30000 2.700e-05 1.153e-03 2.623e-03 3.050e-04 9.500e-05 2.240e-04 2.000e-06 4.642e-03
40000 2.700e-05 1.548e-03 3.384e-03 3.150e-04 1.000e-04 2.190e-04 2.000e-06 5.813e-03
50000 2.700e-05 2.011e-03 4.171e-03 3.190e-04 9.700e-05 2.230e-04 2.000e-06 7.069e-03
60000 2.700e-05 2.479e-03 5.080e-03 3.110e-04 9.500e-05 2.170e-04 2.000e-06 8.430e-03
70000 2.200e-05 2.860e-03 6.025e-03 3.090e-04 9.700e-05 2.180e-04 2.000e-06 9.758e-03
80000 2.700e-05 3.370e-03 7.019e-03 3.150e-04 9.600e-05 2.230e-04 1.000e-06 1.127e-02
90000 2.700e-05 3.897e-03 8.034e-03 3.150e-04 9.300e-05 2.210e-04 2.000e-06 1.281e-02
100000 2.900e-05 4.334e-03 9.071e-03 3.100e-04 9.700e-05 2.190e-04 2.000e-06 1.428e-02
200000 2.400e-05 9.464e-03 2.002e-02 2.720e-04 9.400e-05 1.870e-04 2.000e-06 3.028e-02
300000 5.900e-05 1.466e-02 3.114e-02 2.520e-04 9.300e-05 1.900e-04 1.000e-06 4.658e-02
