1000 2.500e-05 5.310e-04 4.348e-03 2.900e-04 8.900e-05 2.100e-04 2.000e-06 5.691e-03
2000 2.400e-05 5.000e-04 4.348e-03 2.870e-04 9.200e-05 2.130e-04 2.000e-06 5.662e-03
3000 2.200e-05 5.050e-04 4.367e-03 2.870e-04 9.200e-05 2.100e-04 2.000e-06 5.683e-03
4000 2.000e-05 5.150e-04 4.386e-03 2.820e-04 9.200e-05 2.090e-04 2.000e-06 5.711e-03
5000 2.600e-05 6.480e-04 4.412e-03 2.910e-04 9.100e-05 2.230e-04 2.000e-06 5.888e-03
6000 2.500e-05 7.830e-04 4.443e-03 2.970e-04 9.300e-05 2.190e-04 2.000e-06 6.058e-03
7000 2.400e-05 8.290e-04 4.481e-03 2.910e-04 9.100e-05 2.130e-04 2.000e-06 6.129e-03
8000 2.300e-05 8.480e-04 4.525e-03 3.120e-04 9.100e-05 2.080e-04 2.000e-06 6.209e-03
9000 2.300e-05 8.750e-04 4.568e-03 2.920e-04 9.100e-05 2.180e-04 2.000e-06 6.270e-03
10000 2.600e-05 1.005e-03 4.625e-03 2.870e-04 9.100e-05 2.170e-04 2.000e-06 6.448e-03
20000 2.300e-05 1.458e-03 5.400e-03 3.130e-04 8.800e-05 2.160e-04 2.000e-06 7.701e-03
30000 2.700e-05 2.629e-03 6.612e-03 3.070e-04 9.400e-05 2.230e-04 2.000e-06 1.010e-02
40000 2.100e-05 4.155e-03 8.002e-03 3.100e-04 9.200e-05 2.160e-04 2.000e-06 1.302e-02
50000 2.600e-05 5.492e-03 9.473e-03 3.140e-04 9.500e-05 2.140e-04 2.000e-06 1.583e-02
60000 2.200e-05 7.152e-03 1.133e-02 3.030e-04 9.100e-05 2.160e-04 2.000e-06 1.933e-02
70000 2.200e-05 8.659e-03 1.291e-02 3.080e-04 8.900e-05 2.230e-04 1.000e-06 2.243e-02
80000 2.300e-05 1.036e-02 1.582e-02 3.050e-04 9.200e-05 2.200e-04 2.000e-06 2.703e-02
90000 2.300e-05 1.222e-02 1.708e-02 3.080e-04 9.200e-05 2.200e-04 1.000e-06 3.016e-02
100000 2.700e-05 1.384e-02 1.911e-02 3.070e-04 9.200e-05 2.240e-04 1.000e-06 3.381e-02
200000 2.200e-05 3.240e-02 3.957e-02 2.620e-04 9.400e-05 1.790e-04 1.000e-06 7.274e-02
300000 5.600e-05 5.090e-02 6.092e-02 2.580e-04 9.100e-05 1.810e-04 1.000e-06 1.126e-01
