1000 2.500e-05 4.440e-04 1.482e-03 2.870e-04 9.700e-05 2.180e-04 2.000e-06 2.756e-03
2000 2.800e-05 3.790e-04 1.484e-03 2.910e-04 9.500e-05 2.140e-04 2.000e-06 2.692e-03
3000 3.000e-05 3.730e-04 1.494e-03 2.920e-04 9.400e-05 2.150e-04 2.000e-06 2.697e-03
4000 3.100e-05 3.900e-04 1.504e-03 2.950e-04 9.300e-05 2.140e-04 2.000e-06 2.731e-03
5000 2.900e-05 3.980e-04 1.516e-03 2.940e-04 9.300e-05 2.140e-04 2.000e-06 2.743e-03
6000 2.900e-05 4.070e-04 1.535e-03 2.970e-04 9.800e-05 2.110e-04 2.000e-06 2.775e-03
7000 2.800e-05 3.230e-04 1.553e-03 2.950e-04 9.800e-05 2.140e-04 1.000e-06 2.713e-03
8000 3.000e-05 4.470e-04 1.574e-03 2.930e-04 9.400e-05 2.100e-04 2.000e-06 2.850e-03
9000 2.400e-05 4.590e-04 1.599e-03 2.910e-04 9.300e-05 2.140e-04 2.000e-06 2.888e-03
10000 2.700e-05 5.090e-04 1.629e-03 2.910e-04 9.800e-05 2.130e-04 2.000e-06 2.969e-03
20000 2.800e-05 8.050e-04 2.023e-03 3.000e-04 9.400e-05 2.170e-04 2.000e-06 3.673e-03
30000 2.300e-05 1.121e-03 2.624e-03 3.070e-04 9.400e-05 2.140e-04 2.000e-06 4.600e-03
40000 2.800e-05 1.549e-03 3.385e-03 3.050e-04 9.300e-05 2.180e-04 2.000e-06 5.797e-03
50000 2.800e-05 1.994e-03 4.164e-03 3.120e-04 9.400e-05 2.190e-04 2.000e-06 7.031e-03
60000 2.200e-05 2.477e-03 5.056e-03 3.090e-04 9.700e-05 2.190e-04 2.000e-06 8.406e-03
70000 2.500e-05 2.934e-03 6.016e-03 3.110e-04 9.300e-05 2.160e-04 2.000e-06 9.820e-03
80000 2.700e-05 3.363e-03 7.142e-03 3.190e-04 9.500e-05 2.210e-04 2.000e-06 1.139e-02
90000 2.700e-05 3.944e-03 8.058e-03 3.090e-04 9.700e-05 2.240e-04 2.000e-06 1.288e-02
100000 2.900e-05 4.356e-03 9.075e-03 3.170e-04 9.400e-05 2.180e-04 1.000e-06 1.431e-02
200000 2.700e-05 9.565e-03 2.005e-02 2.470e-04 9.100e-05 1.690e-04 2.000e-06 3.036e-02
300000 5.600e-05 1.457e-02 3.117e-02 2.580e-04 9.400e-05 1.900e-04 1.000e-06 4.652e-02
