1000 2.300e-05 5.170e-04 3.278e-02 6.410e-04 1.870e-04 6.060e-04 2.000e-06 3.504e-02
2000 3.000e-05 5.400e-04 3.281e-02 6.370e-04 1.880e-04 6.120e-04 2.000e-06 3.510e-02
3000 2.700e-05 6.830e-04 3.282e-02 6.520e-04 1.880e-04 6.050e-04 1.000e-06 3.526e-02
4000 3.000e-05 6.240e-04 3.283e-02 6.540e-04 1.880e-04 6.090e-04 2.000e-06 3.521e-02
5000 2.700e-05 6.660e-04 3.281e-02 6.450e-04 1.870e-04 6.050e-04 1.000e-06 3.523e-02
6000 3.100e-05 6.880e-04 3.281e-02 6.450e-04 1.870e-04 6.060e-04 1.000e-06 3.525e-02
7000 2.900e-05 6.060e-04 3.281e-02 6.370e-04 1.860e-04 6.110e-04 2.000e-06 3.516e-02
8000 2.900e-05 7.390e-04 3.283e-02 6.380e-04 1.870e-04 6.070e-04 2.000e-06 3.531e-02
9000 2.900e-05 7.730e-04 3.283e-02 6.420e-04 1.890e-04 6.050e-04 1.000e-06 3.536e-02
10000 2.900e-05 9.690e-04 3.285e-02 6.440e-04 1.890e-04 6.060e-04 1.000e-06 3.557e-02
20000 2.700e-05 1.224e-03 3.295e-02 6.550e-04 1.880e-04 6.090e-04 2.000e-06 3.595e-02
30000 2.800e-05 1.488e-03 3.322e-02 6.480e-04 1.880e-04 6.100e-04 2.000e-06 3.648e-02
40000 3.100e-05 1.806e-03 3.353e-02 6.470e-04 1.870e-04 6.040e-04 2.000e-06 3.710e-02
50000 2.700e-05 2.125e-03 3.389e-02 6.480e-04 1.880e-04 6.080e-04 2.000e-06 3.779e-02
60000 2.400e-05 2.721e-03 3.444e-02 6.640e-04 1.880e-04 6.070e-04 1.000e-06 3.895e-02
70000 2.500e-05 3.311e-03 3.495e-02 6.510e-04 1.880e-04 6.080e-04 2.000e-06 4.004e-02
80000 2.300e-05 3.892e-03 3.553e-02 6.550e-04 1.880e-04 6.100e-04 2.000e-06 4.120e-02
90000 2.200e-05 4.742e-03 3.627e-02 6.570e-04 1.880e-04 6.110e-04 1.000e-06 4.280e-02
100000 5.400e-05 5.332e-03 3.693e-02 6.410e-04 1.870e-04 5.920e-04 2.000e-06 4.400e-02
200000 6.100e-05 1.480e-02 4.806e-02 6.330e-04 1.860e-04 5.940e-04 1.000e-06 6.459e-02
300000 6.200e-05 2.710e-02 6.405e-02 6.360e-04 1.850e-04 5.940e-04 1.000e-06 9.290e-02
