1000 2.600e-05 2.280e-04 8.792e-03 6.480e-04 1.880e-04 6.020e-04 2.000e-06 1.077e-02
2000 2.700e-05 3.430e-04 8.797e-03 6.430e-04 1.920e-04 6.070e-04 2.000e-06 1.090e-02
3000 2.900e-05 4.670e-04 8.792e-03 6.410e-04 1.880e-04 6.070e-04 2.000e-06 1.101e-02
4000 2.900e-05 3.890e-04 8.799e-03 6.410e-04 1.890e-04 6.090e-04 2.000e-06 1.094e-02
5000 2.800e-05 5.060e-04 8.786e-03 6.370e-04 1.880e-04 6.080e-04 2.000e-06 1.104e-02
6000 2.500e-05 4.160e-04 8.806e-03 6.420e-04 1.890e-04 6.070e-04 2.000e-06 1.097e-02
7000 2.900e-05 4.330e-04 8.812e-03 6.380e-04 1.870e-04 6.090e-04 2.000e-06 1.099e-02
8000 2.800e-05 4.410e-04 8.814e-03 6.420e-04 1.870e-04 6.040e-04 2.000e-06 1.100e-02
9000 2.800e-05 4.620e-04 8.800e-03 6.330e-04 1.890e-04 6.000e-04 2.000e-06 1.100e-02
10000 2.500e-05 6.010e-04 8.818e-03 6.400e-04 1.860e-04 6.030e-04 2.000e-06 1.116e-02
20000 2.700e-05 7.510e-04 8.880e-03 6.480e-04 1.880e-04 6.120e-04 1.000e-06 1.140e-02
30000 2.800e-05 8.830e-04 8.986e-03 6.520e-04 1.870e-04 6.080e-04 1.000e-06 1.164e-02
40000 2.400e-05 1.023e-03 9.140e-03 6.490e-04 1.880e-04 6.080e-04 2.000e-06 1.194e-02
50000 2.600e-05 1.216e-03 9.313e-03 6.570e-04 1.880e-04 6.060e-04 2.000e-06 1.231e-02
60000 2.900e-05 1.364e-03 9.520e-03 6.570e-04 1.900e-04 6.090e-04 2.000e-06 1.267e-02
70000 3.100e-05 1.585e-03 9.780e-03 6.630e-04 1.870e-04 6.100e-04 2.000e-06 1.316e-02
80000 2.700e-05 1.760e-03 1.007e-02 6.520e-04 1.880e-04 6.030e-04 2.000e-06 1.361e-02
90000 2.800e-05 2.077e-03 1.043e-02 6.600e-04 1.860e-04 6.110e-04 2.000e-06 1.429e-02
100000 2.800e-05 2.274e-03 1.077e-02 6.630e-04 1.890e-04 6.070e-04 2.000e-06 1.483e-02
200000 2.700e-05 5.253e-03 1.575e-02 6.590e-04 1.870e-04 6.100e-04 2.000e-06 2.280e-02
300000 5.300e-05 8.747e-03 2.296e-02 6.360e-04 1.850e-04 5.930e-04 1.000e-06 3.344e-02
