1000 2.700e-05 2.320e-04 8.797e-03 6.420e-04 1.880e-04 6.090e-04 2.000e-06 1.078e-02
2000 2.800e-05 3.450e-04 8.798e-03 6.410e-04 1.890e-04 6.100e-04 2.000e-06 1.090e-02
3000 2.800e-05 4.750e-04 8.793e-03 6.450e-04 1.880e-04 6.070e-04 2.000e-06 1.102e-02
4000 3.000e-05 3.930e-04 8.791e-03 6.420e-04 1.890e-04 6.090e-04 1.000e-06 1.093e-02
5000 2.900e-05 5.060e-04 8.785e-03 6.380e-04 1.880e-04 6.050e-04 2.000e-06 1.104e-02
6000 2.600e-05 4.180e-04 8.800e-03 6.360e-04 1.890e-04 6.070e-04 2.000e-06 1.096e-02
7000 2.900e-05 4.330e-04 8.803e-03 6.460e-04 1.860e-04 6.070e-04 2.000e-06 1.100e-02
8000 3.100e-05 4.460e-04 8.806e-03 6.410e-04 1.880e-04 6.070e-04 1.000e-06 1.100e-02
9000 2.900e-05 4.620e-04 8.808e-03 6.390e-04 1.880e-04 6.050e-04 2.000e-06 1.102e-02
10000 3.200e-05 6.080e-04 8.815e-03 6.460e-04 1.880e-04 6.040e-04 1.000e-06 1.117e-02
20000 2.800e-05 7.420e-04 8.879e-03 6.430e-04 1.880e-04 6.090e-04 2.000e-06 1.137e-02
30000 2.700e-05 8.800e-04 8.972e-03 6.460e-04 1.880e-04 6.060e-04 2.000e-06 1.161e-02
40000 2.800e-05 1.014e-03 9.119e-03 6.440e-04 1.880e-04 6.050e-04 2.000e-06 1.190e-02
50000 3.000e-05 1.220e-03 9.306e-03 6.630e-04 1.880e-04 6.080e-04 2.000e-06 1.231e-02
60000 2.700e-05 1.378e-03 9.551e-03 6.560e-04 1.880e-04 6.070e-04 2.000e-06 1.271e-02
70000 2.800e-05 1.551e-03 9.793e-03 6.600e-04 1.870e-04 6.070e-04 2.000e-06 1.313e-02
80000 2.700e-05 1.784e-03 1.006e-02 6.580e-04 1.880e-04 6.130e-04 2.000e-06 1.364e-02
90000 2.600e-05 2.091e-03 1.039e-02 6.530e-04 1.880e-04 6.640e-04 2.000e-06 1.432e-02
100000 3.000e-05 2.322e-03 1.074e-02 6.570e-04 1.880e-04 6.090e-04 2.000e-06 1.484e-02
200000 2.800e-05 5.294e-03 1.572e-02 6.530e-04 1.880e-04 6.090e-04 1.000e-06 2.280e-02
300000 5.800e-05 8.786e-03 2.295e-02 6.410e-04 1.860e-04 5.970e-04 1.000e-06 3.348e-02
