1000 2.400e-05 2.280e-04 8.781e-03 6.350e-04 1.860e-04 6.080e-04 2.000e-06 1.075e-02
2000 3.100e-05 3.440e-04 8.792e-03 6.490e-04 1.870e-04 6.040e-04 2.000e-06 1.089e-02
3000 2.700e-05 4.660e-04 8.801e-03 6.410e-04 1.900e-04 6.050e-04 2.000e-06 1.103e-02
4000 3.000e-05 3.810e-04 8.801e-03 6.410e-04 1.870e-04 6.040e-04 2.000e-06 1.093e-02
5000 2.500e-05 5.040e-04 8.799e-03 6.390e-04 1.870e-04 6.060e-04 2.000e-06 1.105e-02
6000 2.900e-05 4.150e-04 8.802e-03 6.350e-04 1.870e-04 6.050e-04 2.000e-06 1.096e-02
7000 2.800e-05 4.300e-04 8.806e-03 6.390e-04 1.890e-04 6.090e-04 2.000e-06 1.098e-02
8000 2.400e-05 4.460e-04 8.814e-03 6.460e-04 1.870e-04 6.060e-04 1.000e-06 1.101e-02
9000 3.100e-05 4.640e-04 8.807e-03 6.380e-04 2.100e-04 6.050e-04 2.000e-06 1.103e-02
10000 3.100e-05 6.040e-04 8.823e-03 6.430e-04 1.880e-04 6.030e-04 2.000e-06 1.117e-02
20000 2.300e-05 7.560e-04 8.882e-03 6.420e-04 1.870e-04 6.050e-04 1.000e-06 1.139e-02
30000 3.000e-05 8.860e-04 8.968e-03 6.470e-04 1.870e-04 6.090e-04 2.000e-06 1.162e-02
40000 3.100e-05 1.026e-03 9.121e-03 6.560e-04 1.880e-04 6.030e-04 2.000e-06 1.192e-02
50000 2.900e-05 1.198e-03 9.322e-03 6.570e-04 1.880e-04 6.060e-04 2.000e-06 1.230e-02
60000 2.900e-05 1.356e-03 9.528e-03 6.570e-04 1.880e-04 6.090e-04 2.000e-06 1.267e-02
70000 5.600e-05 1.495e-03 9.771e-03 6.420e-04 1.860e-04 5.940e-04 1.000e-06 1.301e-02
80000 2.700e-05 1.768e-03 1.007e-02 6.510e-04 1.880e-04 6.100e-04 2.000e-06 1.362e-02
90000 2.700e-05 2.116e-03 1.038e-02 6.490e-04 1.890e-04 6.030e-04 2.000e-06 1.427e-02
100000 2.800e-05 2.275e-03 1.072e-02 6.530e-04 1.880e-04 6.130e-04 2.000e-06 1.478e-02
200000 2.900e-05 5.224e-03 1.570e-02 6.550e-04 1.880e-04 6.090e-04 2.000e-06 2.271e-02
300000 6.200e-05 8.804e-03 2.289e-02 6.400e-04 1.850e-04 5.940e-04 1.000e-06 3.343e-02
