1000 3.000e-05 5.190e-04 3.281e-02 6.380e-04 1.870e-04 5.990e-04 2.000e-06 3.507e-02
2000 2.500e-05 5.370e-04 3.278e-02 6.440e-04 1.890e-04 6.090e-04 2.000e-06 3.508e-02
3000 2.900e-05 6.780e-04 3.279e-02 6.460e-04 1.880e-04 6.070e-04 1.000e-06 3.523e-02
4000 3.200e-05 6.140e-04 3.282e-02 6.420e-04 1.880e-04 6.080e-04 2.000e-06 3.518e-02
5000 2.900e-05 6.650e-04 3.280e-02 6.410e-04 1.870e-04 6.060e-04 2.000e-06 3.521e-02
6000 2.200e-05 6.870e-04 3.284e-02 6.430e-04 1.880e-04 6.070e-04 2.000e-06 3.528e-02
7000 2.900e-05 6.020e-04 3.284e-02 6.500e-04 1.900e-04 6.050e-04 2.000e-06 3.520e-02
8000 3.000e-05 7.450e-04 3.281e-02 6.440e-04 1.890e-04 6.070e-04 2.000e-06 3.531e-02
9000 3.100e-05 7.580e-04 3.283e-02 6.440e-04 1.880e-04 6.050e-04 2.000e-06 3.534e-02
10000 2.900e-05 9.720e-04 3.281e-02 6.500e-04 1.870e-04 6.050e-04 2.000e-06 3.554e-02
20000 3.100e-05 1.221e-03 3.295e-02 6.440e-04 1.890e-04 6.060e-04 2.000e-06 3.593e-02
30000 6.000e-05 1.442e-03 3.322e-02 6.300e-04 1.860e-04 5.910e-04 2.000e-06 3.638e-02
40000 2.700e-05 1.800e-03 3.350e-02 6.580e-04 1.880e-04 6.130e-04 2.000e-06 3.709e-02
50000 2.800e-05 2.130e-03 3.388e-02 6.590e-04 1.880e-04 6.070e-04 2.000e-06 3.780e-02
60000 2.900e-05 2.679e-03 3.441e-02 6.580e-04 1.880e-04 6.150e-04 2.000e-06 3.888e-02
70000 3.000e-05 3.332e-03 3.499e-02 6.520e-04 1.880e-04 6.070e-04 2.000e-06 4.011e-02
80000 2.800e-05 3.858e-03 3.555e-02 6.550e-04 1.860e-04 6.010e-04 2.000e-06 4.118e-02
90000 2.600e-05 4.735e-03 3.618e-02 6.590e-04 1.870e-04 6.040e-04 2.000e-06 4.269e-02
100000 2.800e-05 5.355e-03 3.709e-02 6.500e-04 1.890e-04 6.080e-04 2.000e-06 4.422e-02
200000 3.000e-05 1.481e-02 4.823e-02 6.400e-04 1.860e-04 5.940e-04 1.000e-06 6.478e-02
300000 6.000e-05 2.723e-02 6.393e-02 6.410e-04 1.870e-04 5.960e-04 1.000e-06 9.290e-02
