1000 2.300e-05 2.270e-04 8.784e-03 7.000e-06 8.777e-03 6.440e-04 1.880e-04 6.060e-04 2.000e-06 1.076e-02
2000 3.200e-05 3.420e-04 8.800e-03 8.000e-06 8.792e-03 6.410e-04 1.870e-04 6.050e-04 2.000e-06 1.089e-02
3000 3.000e-05 4.680e-04 8.791e-03 8.000e-06 8.783e-03 6.460e-04 1.880e-04 6.090e-04 2.000e-06 1.102e-02
4000 3.000e-05 3.820e-04 8.802e-03 8.000e-06 8.794e-03 6.420e-04 1.880e-04 6.070e-04 1.000e-06 1.094e-02
5000 2.600e-05 5.090e-04 8.790e-03 7.000e-06 8.783e-03 6.340e-04 1.880e-04 6.080e-04 2.000e-06 1.104e-02
6000 3.100e-05 4.200e-04 8.808e-03 7.000e-06 8.801e-03 6.350e-04 1.870e-04 6.050e-04 2.000e-06 1.097e-02
7000 2.700e-05 4.310e-04 8.807e-03 8.000e-06 8.799e-03 6.410e-04 1.860e-04 6.040e-04 2.000e-06 1.098e-02
8000 2.800e-05 4.440e-04 8.826e-03 7.000e-06 8.819e-03 6.340e-04 1.890e-04 6.110e-04 2.000e-06 1.102e-02
9000 3.100e-05 4.630e-04 8.812e-03 8.000e-06 8.804e-03 6.360e-04 1.880e-04 5.990e-04 2.000e-06 1.102e-02
10000 3.000e-05 6.030e-04 8.825e-03 7.000e-06 8.818e-03 6.460e-04 1.880e-04 6.110e-04 2.000e-06 1.119e-02
20000 2.800e-05 7.470e-04 8.881e-03 8.000e-06 8.873e-03 6.490e-04 1.880e-04 6.130e-04 1.000e-06 1.139e-02
30000 3.100e-05 8.880e-04 8.984e-03 7.000e-06 8.977e-03 6.430e-04 1.890e-04 6.060e-04 2.000e-06 1.163e-02
40000 2.500e-05 1.016e-03 9.135e-03 8.000e-06 9.127e-03 6.540e-04 1.880e-04 6.080e-04 2.000e-06 1.193e-02
50000 3.100e-05 1.196e-03 9.310e-03 8.000e-06 9.302e-03 6.650e-04 1.870e-04 6.080e-04 1.000e-06 1.230e-02
60000 2.700e-05 1.366e-03 9.541e-03 7.000e-06 9.534e-03 6.570e-04 1.880e-04 6.130e-04 1.000e-06 1.270e-02
70000 6.200e-05 1.480e-03 9.777e-03 6.000e-06 9.771e-03 6.420e-04 1.850e-04 5.930e-04 2.000e-06 1.300e-02
80000 5.700e-05 1.717e-03 1.006e-02 6.000e-06 1.005e-02 6.460e-04 1.850e-04 5.950e-04 1.000e-06 1.353e-02
90000 3.000e-05 2.072e-03 1.039e-02 8.000e-06 1.038e-02 6.560e-04 1.880e-04 6.060e-04 2.000e-06 1.424e-02
100000 2.800e-05 2.289e-03 1.074e-02 8.000e-06 1.073e-02 6.560e-04 1.870e-04 6.130e-04 2.000e-06 1.482e-02
200000 2.900e-05 5.204e-03 1.574e-02 8.000e-06 1.573e-02 6.400e-04 1.850e-04 5.930e-04 1.000e-06 2.269e-02
300000 6.000e-05 8.696e-03 2.293e-02 6.000e-06 2.293e-02 6.290e-04 1.860e-04 5.940e-04 1.000e-06 3.336e-02
