1000 2.900e-05 5.190e-04 3.281e-02 6.480e-04 1.930e-04 6.070e-04 2.000e-06 3.509e-02
2000 6.300e-05 5.140e-04 3.284e-02 6.220e-04 1.850e-04 5.920e-04 1.000e-06 3.505e-02
3000 2.300e-05 6.960e-04 3.286e-02 6.430e-04 1.880e-04 6.070e-04 2.000e-06 3.531e-02
4000 3.000e-05 6.200e-04 3.284e-02 6.440e-04 1.880e-04 6.080e-04 2.000e-06 3.522e-02
5000 2.800e-05 6.720e-04 3.284e-02 6.430e-04 1.880e-04 6.120e-04 2.000e-06 3.527e-02
6000 2.800e-05 6.870e-04 3.285e-02 6.410e-04 1.880e-04 6.090e-04 2.000e-06 3.528e-02
7000 2.500e-05 6.030e-04 3.286e-02 6.380e-04 1.880e-04 6.060e-04 2.000e-06 3.520e-02
8000 2.900e-05 7.350e-04 3.285e-02 6.430e-04 1.870e-04 6.110e-04 2.000e-06 3.535e-02
9000 3.000e-05 7.540e-04 3.283e-02 6.330e-04 1.880e-04 6.030e-04 1.000e-06 3.532e-02
10000 3.000e-05 9.810e-04 3.284e-02 6.470e-04 1.880e-04 6.100e-04 1.000e-06 3.559e-02
20000 2.600e-05 1.226e-03 3.296e-02 6.460e-04 1.880e-04 6.060e-04 2.000e-06 3.594e-02
30000 2.700e-05 1.492e-03 3.325e-02 6.480e-04 1.890e-04 6.140e-04 2.000e-06 3.651e-02
40000 5.700e-05 1.756e-03 3.352e-02 6.340e-04 1.850e-04 5.920e-04 2.000e-06 3.701e-02
50000 2.900e-05 2.153e-03 3.397e-02 6.600e-04 1.870e-04 6.120e-04 2.000e-06 3.792e-02
60000 2.600e-05 2.690e-03 3.445e-02 6.540e-04 1.920e-04 6.070e-04 2.000e-06 3.893e-02
70000 6.100e-05 3.238e-03 3.494e-02 6.370e-04 1.860e-04 5.980e-04 2.000e-06 3.992e-02
80000 2.800e-05 3.888e-03 3.556e-02 6.570e-04 1.870e-04 6.070e-04 2.000e-06 4.122e-02
90000 2.800e-05 4.674e-03 3.631e-02 6.570e-04 1.880e-04 6.140e-04 1.000e-06 4.278e-02
100000 6.100e-05 5.356e-03 3.711e-02 6.420e-04 1.860e-04 5.940e-04 1.000e-06 4.421e-02
200000 2.900e-05 1.485e-02 4.822e-02 6.450e-04 1.870e-04 5.990e-04 1.000e-06 6.482e-02
300000 1.010e-04 2.724e-02 6.384e-02 6.330e-04 1.870e-04 5.960e-04 1.000e-06 9.286e-02
