1000 2.800e-05 5.220e-04 3.279e-02 6.470e-04 1.890e-04 6.040e-04 1.000e-06 3.506e-02
2000 2.700e-05 5.400e-04 3.282e-02 6.430e-04 1.880e-04 6.050e-04 2.000e-06 3.511e-02
3000 3.100e-05 6.990e-04 3.279e-02 6.410e-04 1.870e-04 6.050e-04 2.000e-06 3.524e-02
4000 2.600e-05 6.220e-04 3.285e-02 6.340e-04 1.870e-04 5.990e-04 2.000e-06 3.521e-02
5000 3.100e-05 6.660e-04 3.281e-02 6.410e-04 1.880e-04 6.060e-04 2.000e-06 3.523e-02
6000 6.200e-05 6.590e-04 3.279e-02 6.280e-04 1.900e-04 5.940e-04 2.000e-06 3.516e-02
7000 2.800e-05 6.080e-04 3.282e-02 6.440e-04 1.880e-04 6.060e-04 2.000e-06 3.518e-02
8000 3.000e-05 7.340e-04 3.283e-02 6.460e-04 1.870e-04 6.050e-04 2.000e-06 3.532e-02
9000 2.900e-05 7.590e-04 3.281e-02 6.420e-04 1.880e-04 6.070e-04 2.000e-06 3.533e-02
10000 3.000e-05 9.650e-04 3.283e-02 6.440e-04 1.870e-04 6.040e-04 2.000e-06 3.555e-02
20000 2.800e-05 1.233e-03 3.294e-02 6.420e-04 1.890e-04 6.100e-04 1.000e-06 3.593e-02
30000 2.900e-05 1.487e-03 3.319e-02 6.480e-04 1.910e-04 6.090e-04 2.000e-06 3.645e-02
40000 2.800e-05 1.801e-03 3.353e-02 6.570e-04 1.880e-04 6.060e-04 2.000e-06 3.711e-02
50000 2.900e-05 2.148e-03 3.387e-02 6.560e-04 1.870e-04 6.100e-04 2.000e-06 3.780e-02
60000 2.500e-05 2.705e-03 3.435e-02 6.560e-04 1.890e-04 6.080e-04 2.000e-06 3.884e-02
70000 3.000e-05 3.261e-03 3.500e-02 6.580e-04 1.860e-04 6.080e-04 1.000e-06 4.004e-02
80000 2.900e-05 3.924e-03 3.548e-02 6.560e-04 1.880e-04 6.150e-04 2.000e-06 4.119e-02
90000 3.100e-05 4.652e-03 3.628e-02 6.430e-04 1.880e-04 6.030e-04 2.000e-06 4.270e-02
100000 2.900e-05 5.414e-03 3.694e-02 6.690e-04 1.880e-04 6.160e-04 1.000e-06 4.415e-02
200000 6.100e-05 1.466e-02 4.818e-02 6.480e-04 1.840e-04 5.940e-04 1.000e-06 6.459e-02
300000 5.800e-05 2.728e-02 6.433e-02 6.380e-04 1.860e-04 5.930e-04 2.000e-06 9.335e-02
