1000 3.000e-05 2.270e-04 8.780e-03 6.400e-04 1.880e-04 6.140e-04 2.000e-06 1.082e-02
2000 2.800e-05 3.420e-04 8.796e-03 6.420e-04 1.880e-04 6.060e-04 2.000e-06 1.088e-02
3000 2.600e-05 4.770e-04 8.805e-03 6.420e-04 1.870e-04 6.040e-04 2.000e-06 1.103e-02
4000 2.200e-05 3.870e-04 8.797e-03 6.380e-04 1.870e-04 6.120e-04 2.000e-06 1.093e-02
5000 2.700e-05 5.060e-04 8.797e-03 6.430e-04 1.890e-04 6.050e-04 2.000e-06 1.105e-02
6000 2.900e-05 4.120e-04 8.787e-03 6.470e-04 1.880e-04 6.060e-04 2.000e-06 1.095e-02
7000 2.500e-05 4.270e-04 8.796e-03 6.460e-04 1.890e-04 6.100e-04 2.000e-06 1.098e-02
8000 2.900e-05 4.410e-04 8.812e-03 6.400e-04 1.860e-04 6.050e-04 2.000e-06 1.099e-02
9000 3.000e-05 4.620e-04 8.796e-03 6.430e-04 1.880e-04 6.050e-04 2.000e-06 1.101e-02
10000 2.500e-05 5.990e-04 8.816e-03 6.410e-04 1.880e-04 6.060e-04 2.000e-06 1.116e-02
20000 3.000e-05 7.530e-04 8.878e-03 6.500e-04 1.880e-04 6.070e-04 2.000e-06 1.139e-02
30000 2.800e-05 8.790e-04 8.974e-03 6.490e-04 1.890e-04 6.040e-04 1.000e-06 1.162e-02
40000 2.700e-05 1.026e-03 9.121e-03 6.650e-04 1.880e-04 6.070e-04 2.000e-06 1.194e-02
50000 2.300e-05 1.197e-03 9.308e-03 6.590e-04 1.880e-04 6.100e-04 2.000e-06 1.229e-02
60000 3.000e-05 1.363e-03 9.532e-03 6.560e-04 1.880e-04 6.060e-04 2.000e-06 1.268e-02
70000 2.800e-05 1.536e-03 9.786e-03 6.570e-04 1.890e-04 6.030e-04 2.000e-06 1.310e-02
80000 3.000e-05 1.773e-03 1.009e-02 6.490e-04 1.870e-04 6.000e-04 2.000e-06 1.363e-02
90000 2.800e-05 2.115e-03 1.038e-02 6.630e-04 1.870e-04 6.100e-04 2.000e-06 1.429e-02
100000 3.100e-05 2.281e-03 1.072e-02 6.590e-04 1.870e-04 6.100e-04 2.000e-06 1.478e-02
200000 5.600e-05 5.262e-03 1.577e-02 6.380e-04 1.850e-04 5.960e-04 1.000e-06 2.277e-02
300000 5.900e-05 8.722e-03 2.285e-02 6.310e-04 1.890e-04 5.960e-04 2.000e-06 3.331e-02
