1000 3.000e-05 5.190e-04 3.281e-02 6.530e-04 1.880e-04 6.070e-04 2.000e-06 3.508e-02
2000 2.800e-05 5.370e-04 3.286e-02 6.510e-04 1.880e-04 6.060e-04 2.000e-06 3.516e-02
3000 2.800e-05 6.860e-04 3.283e-02 6.480e-04 1.890e-04 6.050e-04 2.000e-06 3.527e-02
4000 2.500e-05 6.250e-04 3.284e-02 6.430e-04 1.890e-04 6.090e-04 1.000e-06 3.521e-02
5000 2.900e-05 6.720e-04 3.287e-02 6.410e-04 1.890e-04 6.100e-04 2.000e-06 3.530e-02
6000 2.900e-05 6.860e-04 3.284e-02 6.430e-04 1.880e-04 6.070e-04 2.000e-06 3.528e-02
7000 3.000e-05 6.160e-04 3.284e-02 6.410e-04 1.880e-04 6.060e-04 2.000e-06 3.520e-02
8000 2.100e-05 7.370e-04 3.286e-02 6.430e-04 1.880e-04 6.090e-04 2.000e-06 3.534e-02
9000 2.900e-05 7.560e-04 3.286e-02 6.340e-04 1.930e-04 6.070e-04 2.000e-06 3.536e-02
10000 3.200e-05 9.620e-04 3.290e-02 6.410e-04 1.880e-04 6.070e-04 2.000e-06 3.562e-02
20000 2.800e-05 1.243e-03 3.297e-02 6.390e-04 1.880e-04 6.060e-04 1.000e-06 3.597e-02
30000 2.500e-05 1.491e-03 3.325e-02 6.500e-04 1.880e-04 6.100e-04 2.000e-06 3.653e-02
40000 3.200e-05 1.795e-03 3.355e-02 6.460e-04 1.890e-04 6.090e-04 2.000e-06 3.712e-02
50000 2.800e-05 2.157e-03 3.399e-02 6.550e-04 1.880e-04 6.080e-04 2.000e-06 3.793e-02
60000 6.100e-05 2.656e-03 3.447e-02 6.340e-04 1.860e-04 5.980e-04 2.000e-06 3.886e-02
70000 2.900e-05 3.244e-03 3.501e-02 6.570e-04 1.890e-04 6.110e-04 2.000e-06 4.004e-02
80000 2.900e-05 3.991e-03 3.561e-02 6.570e-04 1.890e-04 6.160e-04 2.000e-06 4.140e-02
90000 2.600e-05 4.725e-03 3.631e-02 6.520e-04 1.870e-04 6.100e-04 2.000e-06 4.281e-02
100000 2.800e-05 5.391e-03 3.709e-02 6.550e-04 1.880e-04 6.090e-04 1.000e-06 4.427e-02
200000 2.800e-05 1.477e-02 4.771e-02 6.390e-04 1.860e-04 5.940e-04 2.000e-06 6.423e-02
300000 6.300e-05 2.735e-02 6.391e-02 6.310e-04 1.830e-04 5.910e-04 1.000e-06 9.298e-02
